0.000000000000000000e+00
0.000000000000000000e+00
1.017312532911425959e-03
5.713051141584973586e-04
3.280222707777702396e-04
1.874777437512204089e-04
1.060576662504856806e-04
5.984792183686320964e-05
3.441259151281794959e-05
2.093373840572474963e-05
1.411992186193940836e-05
1.087372509549675840e-05
9.456417402260066242e-06
8.901649297855842967e-06
8.723086355616663828e-06
8.683565773887603708e-06
8.679783497221568630e-06
8.676137703453179467e-06
8.658333802741176039e-06
8.627882065292267517e-06
8.588265671198043173e-06
8.541525169646898980e-06
8.489062977911539186e-06
8.431857721024220011e-06
8.370604474422828559e-06
8.305654412119807900e-06
8.237521355857127859e-06
8.167553018805684173e-06
8.096873176419825562e-06
8.025907844948615671e-06
7.954878614141062737e-06
7.883939155730011817e-06
7.813194836886353393e-06
7.742696437008455182e-06
7.672347387766766683e-06
7.601591833072671730e-06
7.530145705046810645e-06
7.458797683775494046e-06
7.388187126921151654e-06
7.317942064461604975e-06
7.247547464685069954e-06
7.176671247411040344e-06
7.105378565567068062e-06
7.033805368395606198e-06
6.962065690079563142e-06
6.890255127045941668e-06
6.818441199011147658e-06
6.746632328315077916e-06
6.674823940941368749e-06
6.603012085334128065e-06
6.531193391219559932e-06
6.459377854884270069e-06
6.387623466008534538e-06
6.315991559196380085e-06
6.244534370976969545e-06
6.173296291987037364e-06
6.102310166221853845e-06
6.031585208358879080e-06
5.961124196180720917e-06
5.890928814079710375e-06
5.820999839392067613e-06
5.751345890926536856e-06
5.682007227153634878e-06
5.613026527903395013e-06
5.544440512496120128e-06
5.476280653475395123e-06
5.408571248779848912e-06
5.341322919156259607e-06
5.274541699735407375e-06
5.208231990008703009e-06
5.142396759544080482e-06
5.077044882966161163e-06
5.012211190432810320e-06
4.947932617661690849e-06
4.884241205818854745e-06
4.821164612059472362e-06
4.758724463608482398e-06
4.696930889536648319e-06
4.635789888450574411e-06
4.575305750156052216e-06
4.515481243074922653e-06
4.456319528672424423e-06
4.397829230148268882e-06
4.340018758030145501e-06
4.282894675662554634e-06
4.226461883343833553e-06
4.170724674884111048e-06
4.115689391599552358e-06
4.061361629639975981e-06
4.007745470736222995e-06
3.954843630585180230e-06
3.902659982641022486e-06
3.851206438271255872e-06
3.800495213878791783e-06
3.750536528081309099e-06
3.701338781525760127e-06
3.652908719938850230e-06
3.605251584665098471e-06
3.558371250009517892e-06
3.512270349356079667e-06
3.466950390916571220e-06
3.422411863825775372e-06
3.378654335914040868e-06
3.335676543217306543e-06
3.293476472238500008e-06
3.252051435661653300e-06
3.211398142073724590e-06
3.171512759205733984e-06
3.132390973483127730e-06
3.094028042796443709e-06
3.056418846610469818e-06
3.019558622571112704e-06
2.983444985373369705e-06
2.948075726430291069e-06
2.913448149773064089e-06
2.879559120998913865e-06
2.846405111832665980e-06
2.813982241141849569e-06
2.782286312474327363e-06
2.751312848451893605e-06
2.721057120523156318e-06
2.691514179455033574e-06
2.662678879628624735e-06
2.634545902437608773e-06
2.607109777381358997e-06
2.580364900885787715e-06
2.554305553042122494e-06
2.528925912861521467e-06
2.504220071538664839e-06
2.480182044365422793e-06
2.456805780925996461e-06
2.434084554686089697e-06
2.412009184807339939e-06
2.390570028373488319e-06
2.369757613384554264e-06
2.349562632157304919e-06
2.329975934923883694e-06
2.310988523015989823e-06
2.292591542297795925e-06
2.274776276506394130e-06
2.257534140519304626e-06
2.240856674053226884e-06
2.224735535045428816e-06
2.209162493683933108e-06
2.194129426068320516e-06
2.179628308805204389e-06
2.165651213052436659e-06
2.152190299685256407e-06
2.139237813935733435e-06
2.126786081197704610e-06
2.114827502297723700e-06
2.103353729248393919e-06
2.092353285283564102e-06
2.081814168295829920e-06
2.071724678560220763e-06
2.062073404644161146e-06
2.052849210432774182e-06
2.044041222922455796e-06
2.035638820985219851e-06
2.027631625077521856e-06
2.020009487602067564e-06
2.012762484153177322e-06
2.005880905505043196e-06
1.999355250283490869e-06
1.993176218305009950e-06
1.987334704473405138e-06
1.981821793402214005e-06
1.976628754396027044e-06
1.971747037136312968e-06
1.967168267544000312e-06
1.962884244350767250e-06
1.958886935838074871e-06
1.955168477002237263e-06
1.951721167023786916e-06
1.948537466837558271e-06
1.945609997187748881e-06
1.942930850199055662e-06
1.940489590014270840e-06
1.938275414965135707e-06
1.936277850650683835e-06
1.934486741207477693e-06
1.932892240906581023e-06
1.931484805988073562e-06
1.930255186845445854e-06
1.929194420415252580e-06
1.928293822724326313e-06
1.927544981667466810e-06
1.926939749889458933e-06
1.926470237746373700e-06
1.926128806491013736e-06
1.925908061408337616e-06
1.925800845039772691e-06
1.925800230594102173e-06
1.925899515149795760e-06
1.926092213146315722e-06
1.926372049767754507e-06
1.926732954391701933e-06
1.927169054019296391e-06
1.927674666883079692e-06
1.928244295894110909e-06
1.928872622263535106e-06
1.929554491545668262e-06
1.930284885100842326e-06
1.931058937701118860e-06
1.931871939025292026e-06
1.932719327536455670e-06
1.933596684427107303e-06
1.934499727712324884e-06
1.935424306424490567e-06
1.936366394996616917e-06
1.937322087737559696e-06
1.938287593531505053e-06
1.939259230679001861e-06
1.940233421943190747e-06
1.941206689833396732e-06
1.942175652048357529e-06
1.943137017176228593e-06
1.944087580649853838e-06
1.945024220863636690e-06
1.945943895650524229e-06
1.946843638920542539e-06
1.947720557601288713e-06
1.948571828822672013e-06
1.949394697337449515e-06
1.950186473284667377e-06
1.950944530088075538e-06
1.951666302713341751e-06
1.952349286124766881e-06
1.952991033992585986e-06
1.953589157627194623e-06
1.954141325153420473e-06
1.954645260898157058e-06
1.955098744970309090e-06
1.955499613033231994e-06
1.955845756291352590e-06
1.956135121568817381e-06
1.956365711602530793e-06
1.956535585455667350e-06
1.956642858994977278e-06
1.956685705471539394e-06
1.956662356509226119e-06
1.956571102396070519e-06
1.956410293220344594e-06
1.956178339637065650e-06
1.955873713715863145e-06
1.955494949778443556e-06
1.955040645270855592e-06
1.954509461519320559e-06
1.953900124505846878e-06
1.953211425542293825e-06
1.952442221879147661e-06
1.951591698722104732e-06
1.950660137581401660e-06
1.949648103816674484e-06
1.948556182574205693e-06
1.947384980239701348e-06
1.946135125707489066e-06
1.944807271489286685e-06
1.943402094627803533e-06
1.941920297410116233e-06
1.940362607944749288e-06
1.938729780487042032e-06
1.937022595666073417e-06
1.935241860429058538e-06
1.933388407950759300e-06
1.931463097247951872e-06
1.929466812707491265e-06
1.927400463456903176e-06
1.925264982589365355e-06
1.923061326256644162e-06
1.920790472628220674e-06
1.918453420776248887e-06
1.916051189444213757e-06
1.913584815728530771e-06
1.911055353686081803e-06
1.908463872919737432e-06
1.905811457078205052e-06
1.903099202339977537e-06
1.900328215887471154e-06
1.897499614365147347e-06
1.894614522352862268e-06
1.891674070854131710e-06
1.888679395835091819e-06
1.885631636765596854e-06
1.882531935278890350e-06
1.879381433834426392e-06
1.876181274486473228e-06
1.872932597727703026e-06
1.869636541427747354e-06
1.866294239869064052e-06
1.862906822874505782e-06
1.859475415051146830e-06
1.856001135146054617e-06
1.852485095488677112e-06
1.848928401604597503e-06
1.845332151878250335e-06
1.841697437381910640e-06
1.838025341772247921e-06
1.834316941332967273e-06
1.830573305117850802e-06
1.826795495158109171e-06
1.822984549708703699e-06
1.819141433212851048e-06
1.815267089712746412e-06
1.811362460685490336e-06
1.807428485638500360e-06
1.803466102730428522e-06
1.799476249490218217e-06
1.795459863517855818e-06
1.791417883264025761e-06
1.787351248803099467e-06
1.783260902628272697e-06
1.779147790451059414e-06
1.775012861977289369e-06
1.770857071680164577e-06
1.766681379528165132e-06
1.762486751690024559e-06
1.758274161179618776e-06
1.754044588463677080e-06
1.749799021977788689e-06
1.745538458606312977e-06
1.741263904059185464e-06
1.736976373175835363e-06
1.732676890143363472e-06
1.728366488611954864e-06
1.724046211742781564e-06
1.719717112113806131e-06
1.715380251572631498e-06
1.711036700944874300e-06
1.706687539681251564e-06
1.702333855375058439e-06
1.697976743205962525e-06
1.693617305263934578e-06
1.689256649790609800e-06
1.684895890344347983e-06
1.680536144865919109e-06
1.676178534670867241e-06
1.671824183369805880e-06
1.667474215725891015e-06
1.663129756458020949e-06
1.658791928982201458e-06
1.654461854109764573e-06
1.650140648726901387e-06
1.645829424432108765e-06
1.641529286175166215e-06
1.637241330858646585e-06
1.632966645967203943e-06
1.628706308195208039e-06
1.624461382092385208e-06
1.620232918734212123e-06
1.616021954428231782e-06
1.611829459665755612e-06
1.607656190766440496e-06
1.603502842029321016e-06
1.599370094886522501e-06
1.595258616742509096e-06
1.591169059906682279e-06
1.587102060605187967e-06
1.583058238073706322e-06
1.579038193747242506e-06
1.575042510526996371e-06
1.571071752174056272e-06
1.567126462758827868e-06
1.563207166240775967e-06
1.559314366114413465e-06
1.555448545180330123e-06
1.551610165384379129e-06
1.547799667766639554e-06
1.544017472482328955e-06
1.540263978916114076e-06
1.536539565884083098e-06
1.532844591889733609e-06
1.529179395478333496e-06
1.525544295627896739e-06
1.521939592223143244e-06
1.518365566564031794e-06
1.514822481932537331e-06
1.511310584186756259e-06
1.507830102398801239e-06
1.504381249504550428e-06
1.500964222987629753e-06
1.497579205547674267e-06
1.494226365803155214e-06
1.490905858961649486e-06
1.487617827499990348e-06
1.484362401810102959e-06
1.481139700840446959e-06
1.477949832685846173e-06
1.474792895161582552e-06
1.471668976324340708e-06
1.468578154954313018e-06
1.465520500992852657e-06
1.462496075908635142e-06
1.459504933034433968e-06
1.456547117826851620e-06
1.453622668073923112e-06
1.450731614036651803e-06
1.447873978536785304e-06
1.445049776970329042e-06
1.442259017280916604e-06
1.439501699842381745e-06
1.436777843199038491e-06
1.434087560479299247e-06
1.431430979695269212e-06
1.428808217329237086e-06
1.426219378020802483e-06
1.423664554221845956e-06
1.421143825791205096e-06
1.418657259577441136e-06
1.416204908955403936e-06
1.413786813348557912e-06
1.411402997730960123e-06
1.409053472115552423e-06
1.406738231035615086e-06
1.404457253028052784e-06
1.402210500125504311e-06
1.399997917341057714e-06
1.397819432198251830e-06
1.395674954263174434e-06
1.393564374705910936e-06
1.391487565904390666e-06
1.389444381078229994e-06
1.387434653967452307e-06
1.385458198557184726e-06
1.383514808849835888e-06
1.381604258700500930e-06
1.379726301695505009e-06
1.377880671101249924e-06
1.376067079863098573e-06
1.374285220678943790e-06
1.372534766128158731e-06
1.370815368863816609e-06
1.369126661871687736e-06
1.367468258792952947e-06
1.365839754308298302e-06
1.364240724578128704e-06
1.362670727748240638e-06
1.361129304507032628e-06
1.359615978698154853e-06
1.358130257980514042e-06
1.356671634539928535e-06
1.355239585836373337e-06
1.353833575392806651e-06
1.352453053617573443e-06
1.351097458656269652e-06
1.349766217267605168e-06
1.348458745710018002e-06
1.347174450659208534e-06
1.345912730115569933e-06
1.344672974327264121e-06
1.343454566705615154e-06
1.342256888072425490e-06
1.341079327450799440e-06
1.339921272732440777e-06
1.338782108176121124e-06
1.337661215246298694e-06
1.336557973423151565e-06
1.335471760978075944e-06
1.334401955709445874e-06
1.333347935644693014e-06
1.332309079688220772e-06
1.331284768231949681e-06
1.330274383716191057e-06
1.329277311137579209e-06
1.328292938510541123e-06
1.327320657275295718e-06
1.326359862654426551e-06
1.325409953958495333e-06
1.324470334837945284e-06
1.323540413490138230e-06
1.322619602812511702e-06
1.321707320510928011e-06
1.320802989163243219e-06
1.319906036239907615e-06
1.319015894085860179e-06
1.318131999862627522e-06
1.317253795461192997e-06
1.316380727381613200e-06
1.315512246588936608e-06
1.314647808345381574e-06
1.313786872022722767e-06
1.312928900905011901e-06
1.312073361976471796e-06
1.311219725705666662e-06
1.310367465827767199e-06
1.309516059130835502e-06
1.308664985244904116e-06
1.307813726441433999e-06
1.306961767451903568e-06
1.306108595298730970e-06
1.305253699147737888e-06
1.304396570185922255e-06
1.303536701526822447e-06
1.302673588140252082e-06
1.301806726820994748e-06
1.300935616182118364e-06
1.300059756693489774e-06
1.299178650745108669e-06
1.298291802757767784e-06
1.297398719322576162e-06
1.296498909386457044e-06
1.295591874309691648e-06
1.294677077972970899e-06
1.293753978101590093e-06
1.292822036817578679e-06
1.291880720981704849e-06
1.290929502573905135e-06
1.289967859097810619e-06
1.288995274015784959e-06
1.288011237205130407e-06
1.287015245437452127e-06
1.286006802876502870e-06
1.284985421589434485e-06
1.283950622072495577e-06
1.282901933782185750e-06
1.281838895671407347e-06
1.280761056726330178e-06
1.279667976502706947e-06
1.278559225654664701e-06
1.277434386451239279e-06
1.276293053283759067e-06
1.275134833150842717e-06
1.273959346129057027e-06
1.272766225817631691e-06
1.271555119755718522e-06
1.270325689811775253e-06
1.269077612541197036e-06
1.267810579513898176e-06
1.266524297598779248e-06
1.265218489216027939e-06
1.263892892550304738e-06
1.262547261720963108e-06
1.261181366915201365e-06
1.259794994475427143e-06
1.258387946947911813e-06
1.256960043089044124e-06
1.255511117828973437e-06
1.254041022198584254e-06
1.252549623211865795e-06
1.251036803712262337e-06
1.249502462183897943e-06
1.247946512524496037e-06
1.246368883787638713e-06
1.244769519892924131e-06
1.243148379307590122e-06
1.241505434704622897e-06
1.239840672594436836e-06
1.238154092939279679e-06
1.236445708747947383e-06
1.234715545659305638e-06
1.232963641511564725e-06
1.231190050856290036e-06
1.229394859225281035e-06
1.227578167587905881e-06
1.225740086926423768e-06
1.223880737805593923e-06
1.222000249944352653e-06
1.220098761804257815e-06
1.218176420184668909e-06
1.216233379836142176e-06
1.214269803086743804e-06
1.212285859496468111e-06
1.210281725521429213e-06
1.208257584208591623e-06
1.206213624909679573e-06
1.204150043028614669e-06
1.202067039782595626e-06
1.199964821999802669e-06
1.197843601940827524e-06
1.195703597145353254e-06
1.193545030310276812e-06
1.191368129190713329e-06
1.189173126526978700e-06
1.186960259999207891e-06
1.184729772205154200e-06
1.182481910659448744e-06
1.180216927813397731e-06
1.177935081096364048e-06
1.175636632974223331e-06
1.173321851023194110e-06
1.170991008013678400e-06
1.168644382011893800e-06
1.166282256483124263e-06
1.163904920407168995e-06
1.161512668393300075e-06
1.159105800799209380e-06
1.156684623847069681e-06
1.154249449737286504e-06
1.151800596755703494e-06
1.149338389370544489e-06
1.146863158322776683e-06
1.144375240699172096e-06
1.141874979992133294e-06
1.139362726143897076e-06
1.136838835568625304e-06
1.134303671158200941e-06
1.131757602263755949e-06
1.129201004652818208e-06
1.126634260445800764e-06
1.124057758024831659e-06
1.121471891918458127e-06
1.116563889717882035e-06
1.113977155277148416e-06
1.111382169264687284e-06
1.108779345303501023e-06
1.106169102245964852e-06
1.103551863905000163e-06
1.100928058759777590e-06
1.098298119636251538e-06
1.095662483370318476e-06
1.093021590446520115e-06
1.090375884622028120e-06
1.087725812529367019e-06
1.085071823270540586e-06
1.082414367991324508e-06
1.079753899449011715e-06
1.077090871569613618e-06
1.074425739000151958e-06
1.071758956653915399e-06
1.069090979257022676e-06
1.066422260890863867e-06
1.063753254542743909e-06
1.061084411657465051e-06
1.058416181694950975e-06
1.055749011700862086e-06
1.053083345885781490e-06
1.050419625217141629e-06
1.047758287028351397e-06
1.045099764641853985e-06
1.042444487012283758e-06
1.039792878388760150e-06
1.037145357997607756e-06
1.034502339748038215e-06
1.031864231959177752e-06
1.029231437112454460e-06
1.026604351627564436e-06
1.023983365661010078e-06
1.021368862933428820e-06
1.018761220577346581e-06
1.016160809012058293e-06
1.013567991842358551e-06
1.010983125778778633e-06
1.008406560583751632e-06
1.005838639037705300e-06
1.003279696925283999e-06
1.000730063043981026e-06
9.981900592284073798e-07
9.956600003939916678e-07
9.931401945941590696e-07
9.906309430921739169e-07
9.881325404453129578e-07
9.856452745987659465e-07
9.831694269891754694e-07
9.807052726535861334e-07
9.782530803445906490e-07
9.758131126483877998e-07
9.733856261037310677e-07
9.709708713196247078e-07
9.685690930926291298e-07
9.661805305193904953e-07
9.638054171038202435e-07
9.614439808566087573e-07
9.590964443870369584e-07
9.567630249854622813e-07
9.544439346948165131e-07
9.521393803694671711e-07
9.498495637222643605e-07
9.475746813569204081e-07
9.453149247885160007e-07
9.430704804462231846e-07
9.408415296642954758e-07
9.386282486555197298e-07
9.364308084714703914e-07
9.342493749473607675e-07
9.320841086311636277e-07
9.299351647006578798e-07
9.278026928654115051e-07
9.256868372572463283e-07
9.235877363078528740e-07
9.215055226158817915e-07
9.194403228043346349e-07
9.173922573695767465e-07
9.153614405231764061e-07
9.133479800257415305e-07
9.113519770195485042e-07
9.093735258558348089e-07
9.074127139212851707e-07
9.054696214639402435e-07
9.035443214217699518e-07
9.016368792526559787e-07
8.997473527712079041e-07
8.978757919898294363e-07
8.960222389676768734e-07
8.941867276692217536e-07
8.923692838339407652e-07
8.905699248548847860e-07
8.887886596729325372e-07
8.870254886831879367e-07
8.852804036581883045e-07
8.835533876844579945e-07
8.818444151174545003e-07
8.801534515533771874e-07
8.784804538180257392e-07
8.768253699750388229e-07
8.751881393515624702e-07
8.735686925828977133e-07
8.719669516748356452e-07
8.703828300867894686e-07
8.688162328297604204e-07
8.672670565846280406e-07
8.657351898356911631e-07
8.642205130231234703e-07
8.627228987091470637e-07
8.612422117595149899e-07
8.597783095402942529e-07
8.583310421261552393e-07
8.569002525213347677e-07
8.554857768910027150e-07
8.540874448015396408e-07
8.527050794696991518e-07
8.513384980191290774e-07
8.499875117397165468e-07
8.486519263538592544e-07
8.473315422836208162e-07
8.460261549199392280e-07
8.447355548905596920e-07
8.434595283281116508e-07
8.421978571340253013e-07
8.409503192394893167e-07
8.397166888601555598e-07
8.384967367454339022e-07
8.372902304193523959e-07
8.360969344140579987e-07
8.349166104938865407e-07
8.337490178680366039e-07
8.325939133946171119e-07
8.314510517716565422e-07
8.303201857170824983e-07
8.292010661364380448e-07
8.280934422771684414e-07
8.269970618723263171e-07
8.259116712697475833e-07
8.248370155501277203e-07
8.237728386308353003e-07
8.227188833590273778e-07
8.216748915939131179e-07
8.206406042756093165e-07
8.196157614842269829e-07
8.186001024899807509e-07
8.175933657924800896e-07
8.165952891527895008e-07
8.156056096172302506e-07
8.146240635340374843e-07
8.136503865656778850e-07
8.126843136959403983e-07
8.117255792327339823e-07
8.107739168086826481e-07
8.098290593804431747e-07
8.088907392272277779e-07
8.079586879499523125e-07
8.070326364722983459e-07
8.061123150432469514e-07
8.051974532448181536e-07
8.042877800033286323e-07
8.033830236059173348e-07
8.024829117232501941e-07
8.015871714396261152e-07
8.006955292907095399e-07
7.998077113087718532e-07
7.989234430768413521e-07
7.980424497922267997e-07
7.971644563402398903e-07
7.962891873755613403e-07
7.954163674160322111e-07
7.945457209446891921e-07
7.936769725222304590e-07
7.928098469097106198e-07
7.919440692004497907e-07
7.910793649613551142e-07
7.902154603834680544e-07
7.893520824403659105e-07
7.884889590559214567e-07
7.876258192774979924e-07
7.867623934574424565e-07
7.858984134398949442e-07
7.850336127525074146e-07
7.841677268034444959e-07
7.833004930802940328e-07
7.824316513533748987e-07
7.815609438786950898e-07
7.806881156030191426e-07
7.798129143683788393e-07
7.789350911144539430e-07
7.780544000794370611e-07
7.771705989974272624e-07
7.762834492917576179e-07
7.753927162631338182e-07
7.744981692725552794e-07
7.735995819157820133e-07
7.726967321923235235e-07
7.717894026645798855e-07
7.708773806095525467e-07
7.699604581590241502e-07
7.690384324320127825e-07
7.681111056544606936e-07
7.671782852700318180e-07
7.662397840380636175e-07
7.652954201208220630e-07
7.643450171592441677e-07
7.633884043362433233e-07
7.624254164292096731e-07
7.614558938501670965e-07
7.604796826748116166e-07
7.594966346599869601e-07
7.585066072510393444e-07
7.575094635770712343e-07
7.565050724377943322e-07
7.554933082791100414e-07
7.544740511612172993e-07
7.534471867166865641e-07
7.524126061018210654e-07
7.513702059400540393e-07
7.503198882598380259e-07
7.492615604255181926e-07
7.481951350649707330e-07
7.471205299913734453e-07
7.460376681228482454e-07
7.449464773995151487e-07
7.438468906978236747e-07
7.427388457449005581e-07
7.416222850321942103e-07
7.404971557299409091e-07
7.393634096024749503e-07
7.382210029256256775e-07
7.370698964068035227e-07
7.359100551082250467e-07
7.347414483731306511e-07
7.335640497571671811e-07
7.323778369635196008e-07
7.311827917836574389e-07
7.299789000428535236e-07
7.287661515516595826e-07
7.275445400621424860e-07
7.263140632317111748e-07
7.250747225908981746e-07
7.238265235187575237e-07
7.225694752224649375e-07
7.213035907236294383e-07
7.200288868503971024e-07
7.187453842337718669e-07
7.174531073094811194e-07
7.161520843241467568e-07
7.148423473465527350e-07
7.135239322810693767e-07
7.121968788857181485e-07
7.108612307924726061e-07
7.095170355293327076e-07
7.081643445447641493e-07
7.068032132325501011e-07
7.054337009572966384e-07
7.040558710795522459e-07
7.026697909804039600e-07
7.012755320841139008e-07
6.998731698787868763e-07
6.984627839348679934e-07
6.970444579194947842e-07
6.956182796077053582e-07
6.941843408887027397e-07
6.927427377676536486e-07
6.912935703618907219e-07
6.898369428912975256e-07
6.883729636624508269e-07
6.869017450464741769e-07
6.854234034496749839e-07
6.839380592774829330e-07
6.824458368906324421e-07
6.809468645543508494e-07
6.794412743794149790e-07
6.779292022568138781e-07
6.764107877834836148e-07
6.748861741814668777e-07
6.733555082092540367e-07
6.718189400666285210e-07
6.702766232917234107e-07
6.687287146523062405e-07
6.671753740301118860e-07
6.656167642991617284e-07
6.640530511995151931e-07
6.624844032047201053e-07
6.609109913854018456e-07
6.593329892683418427e-07
6.577505726926008752e-07
6.561639196617390331e-07
6.545732101943741182e-07
6.529786261723805287e-07
6.513803511883010386e-07
6.497785703914175114e-07
6.481734703341882740e-07
6.465652388192704724e-07
6.449540647470813521e-07
6.433401379657846996e-07
6.417236491224226845e-07
6.401047895178295977e-07
6.384837509637622746e-07
6.368607256442176141e-07
6.352359059807467172e-07
6.336094845020015421e-07
6.319816537182157392e-07
6.303526060010052759e-07
6.287225334681237808e-07
6.270916278743036079e-07
6.254600805074781010e-07
6.238280820913388175e-07
6.221958226935422503e-07
6.205634916402853906e-07
6.189312774368356143e-07
6.172993676939199187e-07
6.156679490606373728e-07
6.140372071621715957e-07
6.124073265442477363e-07
6.107784906219573894e-07
6.091508816350206450e-07
6.075246806065015962e-07
6.059000673071144770e-07
6.042772202232694501e-07
6.026563165294916259e-07
6.010375320636093501e-07
5.994210413058064434e-07
5.978070173594166825e-07
5.961956319349611465e-07
5.945870553353954441e-07
5.929814564425962556e-07
5.913790027052577621e-07
5.897798601269453038e-07
5.881841932540446427e-07
5.865921651639278536e-07
5.850039374520033547e-07
5.834196702175942804e-07
5.818395220485149641e-07
5.802636500035843669e-07
5.786922095935069551e-07
5.771253547587613293e-07
5.755632378453426828e-07
5.740060095772116784e-07
5.724538190260334556e-07
5.709068135778778006e-07
5.693651388958491113e-07
5.678289388804381619e-07
5.662983556257273227e-07
5.647735293722177074e-07
5.632545984569119332e-07
5.617416992597227696e-07
5.602349661465283844e-07
5.587345314098266736e-07
5.572405252059054286e-07
5.557530754900563852e-07
5.542723079491626250e-07
5.527983459320270443e-07
5.513313103782699737e-07
5.498713197454304519e-07
5.484184899352925708e-07
5.469729342192584844e-07
5.455347631633018194e-07
5.441040845529409903e-07
5.426810033187190411e-07
5.412656214620196525e-07
5.398580379829181460e-07
5.384583488083089385e-07
5.370666467233565422e-07
5.356830213041906442e-07
5.343075588537615723e-07
5.329403423408082884e-07
5.315814513420207558e-07
5.302309619878063250e-07
5.288889469124059522e-07
5.275554752080360471e-07
5.262306123833715764e-07
5.249144203273169824e-07
5.236069572771996724e-07
5.223082777922328998e-07
5.210184327323433289e-07
5.197374692420540091e-07
5.184654307400625879e-07
5.172023569141091379e-07
5.159482837208768425e-07
5.147032433920887269e-07
5.134672644454892290e-07
5.122403717007513718e-07
5.110225863010881742e-07
5.098139257393302538e-07
5.086144038892761051e-07
5.074240310409437046e-07
5.062428139408370805e-07
5.050707558355073118e-07
5.039078565197759136e-07
5.027541123878006537e-07
5.016095164874889489e-07
5.004740585777256350e-07
4.993477251884007085e-07
4.982304996822292859e-07
4.971223623186845914e-07
4.960232903190691458e-07
4.949332579332656209e-07
4.938522365067241230e-07
4.927801945481151377e-07
4.917170977970752248e-07
4.906629092916845223e-07
4.896175894357097266e-07
4.885810960642620638e-07
4.875533845093192055e-07
4.865344076629788304e-07
4.855241160398462011e-07
4.845224578369061581e-07
4.835293789920456855e-07
4.825448232397934431e-07
4.815687321651243579e-07
4.806010452545027828e-07
4.796416999447258044e-07
4.786906316687197729e-07
4.777477738989388827e-07
4.768130581883426675e-07
4.758864142082269268e-07
4.749677697838428378e-07
4.740570509272175765e-07
4.731541818678241627e-07
4.722590850807456237e-07
4.713716813127421150e-07
4.704918896062699693e-07
4.696196273217479161e-07
4.687548101579589822e-07
4.678973521715378606e-07
4.670471657947433563e-07
4.662041618524920599e-07
4.653682495786987777e-07
4.645393366322290209e-07
4.637173291124241666e-07
4.629021315749994193e-07
4.620936470480433631e-07
4.612917770487212928e-07
4.604964216008254717e-07
4.597074792533262650e-07
4.589248471005080718e-07
4.581484208031939586e-07
4.573780946122976229e-07
4.566137613940614273e-07
4.558553126573765478e-07
4.551026385835714812e-07
4.543556280591740090e-07
4.536141687102386899e-07
4.528781469402476136e-07
4.521474479706281161e-07
4.514219558839750711e-07
4.507015536704277966e-07
4.499861232768117830e-07
4.492755456588439279e-07
4.485697008360870809e-07
4.478684679500901198e-07
4.471717253248621862e-07
4.464793505304633131e-07
4.457912204486491078e-07
4.451072113414123402e-07
4.444271989216531784e-07
4.437510584258610207e-07
4.430786646885888620e-07
4.424098922188471955e-07
4.417446152779317286e-07
4.410827079581691780e-07
4.404240442630784025e-07
4.397684981879617238e-07
4.391159438008047257e-07
4.384662553241096949e-07
4.378193072156919237e-07
4.371749742496899939e-07
4.365331315972860049e-07
4.358936549056223628e-07
4.352564203765182465e-07
4.346213048432825258e-07
4.339881858460175310e-07
4.333569417053920763e-07
4.327274515937684573e-07
4.320995956045723846e-07
4.314732548188990490e-07
4.308483113699824935e-07
4.302246485039603272e-07
4.296021506386807880e-07
4.289807034188690450e-07
4.283601937684371481e-07
4.277405099393659284e-07
4.271215415576668591e-07
4.265031796655814484e-07
4.258853167608530224e-07
4.252678468324781326e-07
4.246506653931013314e-07
4.240336695086004443e-07
4.234167578238445246e-07
4.227998305858104939e-07
4.221827896638033011e-07
4.215655385664155337e-07
4.209479824559720822e-07
4.203300281607389557e-07
4.197115841838849431e-07
4.190925607110856396e-07
4.184728696153605348e-07
4.178524244608238326e-07
4.172311405038588099e-07
4.166089346937386390e-07
4.159857256711245446e-07
4.153614337664758707e-07
4.147359809968392960e-07
4.141092910624821954e-07
4.134812893427832600e-07
4.128519028922484777e-07
4.122210604363435188e-07
4.115886923675722916e-07
4.109547307417090221e-07
4.103191092746958898e-07
4.096817633404984991e-07
4.090426299691531511e-07
4.084016478461724906e-07
4.077587573129314360e-07
4.071139003680386839e-07
4.064670206701356773e-07
4.058180635419605630e-07
4.051669759754795707e-07
4.045137066385672969e-07
4.038582058832698288e-07
4.032004257548899674e-07
4.025403200028106665e-07
4.018778440923301485e-07
4.012129552182077604e-07
4.005456123184328127e-07
3.998757760902012084e-07
3.992034090058428922e-07
3.985284753301947074e-07
3.978509411384209112e-07
3.971707743344769566e-07
3.964879446697148899e-07
3.958024237623345614e-07
3.951141851161299472e-07
3.944232041398090709e-07
3.937294581657145963e-07
3.930329264680194714e-07
3.923335902805982120e-07
3.916314328138092182e-07
3.909264392702710283e-07
3.902185968596622072e-07
3.895078948120103406e-07
3.887943243894737343e-07
3.880778788965522371e-07
3.873585536884288744e-07
3.866363461772586972e-07
3.859112558364425397e-07
3.851832842028060647e-07
3.844524348760782561e-07
3.837187135164573632e-07
3.829821278393698851e-07
3.822426876076867611e-07
3.815004046215429345e-07
3.807552927052972277e-07
3.800073676921060193e-07
3.792566474055724339e-07
3.785031516390826030e-07
3.777469021322565080e-07
3.769879225451017754e-07
3.762262384295469643e-07
3.754618771985477335e-07
3.746948680931714061e-07
3.739252421471083008e-07
3.731530321494464863e-07
3.723782726052256161e-07
3.716009996942861622e-07
3.708212512285921891e-07
3.700390666077761003e-07
3.692544867737604366e-07
3.684675541636980484e-07
3.676783126624622301e-07
3.668868075540681626e-07
3.660930854722095244e-07
3.652971943510159137e-07
3.644991833749068037e-07
3.636991029288020463e-07
3.628970045481638684e-07
3.620929408693755118e-07
3.612869655806937369e-07
3.604791333736151562e-07
3.596694998950282955e-07
3.588581217002844745e-07
3.580450562073808423e-07
3.572303616519967448e-07
3.564140970439675072e-07
3.555963221251577273e-07
3.547770973286571568e-07
3.539564837393296127e-07
3.531345430563843382e-07
3.523113375568800002e-07
3.514869300614169431e-07
3.506613839011631490e-07
3.498347628865349301e-07
3.490071312777015468e-07
3.481785537563181309e-07
3.473490953994679339e-07
3.465188216541528183e-07
3.456877983141568704e-07
3.448560914978061206e-07
3.440237676269090814e-07
3.431908934073005586e-07
3.423575358100244977e-07
3.415237620538848927e-07
3.406896395887174679e-07
3.398552360789379160e-07
3.390206193886960574e-07
3.381858575665359145e-07
3.373510188308739146e-07
3.365161715555931883e-07
3.356813842558033049e-07
3.348467255733356799e-07
3.340122642623727616e-07
3.331780691744403536e-07
3.323442092430807129e-07
3.315107534682364387e-07
3.306777708996537616e-07
3.298453306195773958e-07
3.290135017247555890e-07
3.281823533073949040e-07
3.273519544352659561e-07
3.265223741306291802e-07
3.256936813478500796e-07
3.248659449504545856e-07
3.240392336863834134e-07
3.232136161622916003e-07
3.223891608167226017e-07
3.215659358919257578e-07
3.207440094047531416e-07
3.199234491161037983e-07
3.191043224994649416e-07
3.182866967082427398e-07
3.174706385424773622e-07
3.166562144142114548e-07
3.158434903121677015e-07
3.150325317659334654e-07
3.142234038092673746e-07
3.134161709427779386e-07
3.126108970967390137e-07
3.118076455929835908e-07
3.110064791069279731e-07
3.102074596298290467e-07
3.094106484306270346e-07
3.086161060183722798e-07
3.078238921050548985e-07
3.070340655686623909e-07
3.062466844171635357e-07
3.054618057530311564e-07
3.046794857389033521e-07
3.038997795642775806e-07
3.031227414128925305e-07
3.023484244318637763e-07
3.015768807020779119e-07
3.008081612097157271e-07
3.000423158197732156e-07
2.992793932509116323e-07
2.985194410519115121e-07
2.977625055802542248e-07
2.970086319821757779e-07
2.962578641747550347e-07
2.955102448294972631e-07
2.947658153582899582e-07
2.940246159010492909e-07
2.932866853151803177e-07
2.925520611669426444e-07
2.918207797247430903e-07
2.910928759541557693e-07
2.903683835147324818e-07
2.896473347584952073e-07
2.889297607300937591e-07
2.882156911686366454e-07
2.875051545108561671e-07
2.867981778957486759e-07
2.860947871705000463e-07
2.853950068976348452e-07
2.846988603633872943e-07
2.840063695869358345e-07
2.833175553305630217e-07
2.826324371106012572e-07
2.819510332091096130e-07
2.812733606859443693e-07
2.805994353914849962e-07
2.799292719794803610e-07
2.792628839203663630e-07
2.786002835144147432e-07
2.779414819051142991e-07
2.772864890923626291e-07
2.766353139453621557e-07
2.759879642156741739e-07
2.753444465494374606e-07
2.747047664993931775e-07
2.740689285364586763e-07
2.734369360608712764e-07
2.728087914123474185e-07
2.721844958800646311e-07
2.715640497117417229e-07
2.709474521220761314e-07
2.703347013005524549e-07
2.697257944185549879e-07
2.691207276357076044e-07
2.685194961055738654e-07
2.679220939809412876e-07
2.673285144180170676e-07
2.667387495804742528e-07
2.661527906427464876e-07
2.655706277928620269e-07
2.649922502349256484e-07
2.644176461911657198e-07
2.638468029038298580e-07
2.632797066367102771e-07
2.627163426765333458e-07
2.621566953344723881e-07
2.616007479475713871e-07
2.610484828801992874e-07
2.604998815260070120e-07
2.599549243098737851e-07
2.594135906902610365e-07
2.588758591623401769e-07
2.583417072612648450e-07
2.578111115663347622e-07
2.572840477057974573e-07
2.567604903624304245e-07
2.562404132798249437e-07
2.557237892698688756e-07
2.552105902209905152e-07
2.547007871074150212e-07
2.541943499997048938e-07
2.536912480759572739e-07
2.531914496346954141e-07
2.526949221083743010e-07
2.522016320785164462e-07
2.517115452916404995e-07
2.512246266766519998e-07
2.507408403631997442e-07
2.502601497012447368e-07
2.497825172818821645e-07
2.493079049590102998e-07
2.488362738722688413e-07
2.483675844708918906e-07
2.479017965385386706e-07
2.474388692189268596e-07
2.469787610426229733e-07
2.465214299540395811e-07
2.460668333397930161e-07
2.456149280571411301e-07
2.451656704632497110e-07
2.447190164446903527e-07
2.442749214476733900e-07
2.438333405080067127e-07
2.433942282818579378e-07
2.429575390760896772e-07
2.425232268789133945e-07
2.420912453903720569e-07
2.416615480527173307e-07
2.412340880803187375e-07
2.408088184895414188e-07
2.403856921280442638e-07
2.399646617035144966e-07
2.395456798120710205e-07
2.391286989658608566e-07
2.387136716200065978e-07
2.383005501989198574e-07
2.378892871215284780e-07
2.374798348260620126e-07
2.370721457937412243e-07
2.366661725715275386e-07
2.362618677939480646e-07
2.358591842042454255e-07
2.354580746741525634e-07
2.350584922229057703e-07
2.346603900353487464e-07
2.342637214790187372e-07
2.338684401202736176e-07
2.334744997394822361e-07
2.330818543453146551e-07
2.326904581882720727e-07
2.323002657732788147e-07
2.319112318714446043e-07
2.315233115312537883e-07
2.311364600888866716e-07
2.307506331779711694e-07
2.303657867387588474e-07
2.299818770267449906e-07
2.295988606207768533e-07
2.292166944309068713e-07
2.288353357056218240e-07
2.284547420391379849e-07
2.280748713780723795e-07
2.276956820282950172e-07
2.273171326615147843e-07
2.269391823217665249e-07
2.265617904320297040e-07
2.261849168008776155e-07
2.258085216292337940e-07
2.254325655171693478e-07
2.250570094710272475e-07
2.246818149108701280e-07
2.243069436780479715e-07
2.239323580429824996e-07
2.235580207136358614e-07
2.231838948440960007e-07
2.228099440433445586e-07
2.224361323848674949e-07
2.220624244162897966e-07
2.216887851695465964e-07
2.213151801713839461e-07
2.209415754541916801e-07
2.205679375672748822e-07
2.201942335884625258e-07
2.198204311360308650e-07
2.194464983806747631e-07
2.190724040580892028e-07
2.186981174817420129e-07
2.183236085553545289e-07
2.179488477860842838e-07
2.175738062974543048e-07
2.171984558423510188e-07
2.168227688162423079e-07
2.164467182700026727e-07
2.160702779227297944e-07
2.156934221746341526e-07
2.153161261192728014e-07
2.149383655557568878e-07
2.145601170006384621e-07
2.141813576992594224e-07
2.138020656367791156e-07
2.134222195486465504e-07
2.130417989304343437e-07
2.126607840472488592e-07
2.122791559425281805e-07
2.118968964457790684e-07
2.115139881801287098e-07
2.111304145687765938e-07
2.107461598407215403e-07
2.103612090356651997e-07
2.099755480082363649e-07
2.095891634311353701e-07
2.092020427975789448e-07
2.088141744227685457e-07
2.084255474444666301e-07
2.080361518228216910e-07
2.076459783391172951e-07
2.072550185937369272e-07
2.068632650032526852e-07
2.064707107967569658e-07
2.060773500111013978e-07
2.056831774856819253e-07
2.052881888561315092e-07
2.048923805473857327e-07
2.044957497660411619e-07
2.040982944920040505e-07
2.037000134695948791e-07
2.033009061977495873e-07
2.029009729201206170e-07
2.025002146142045298e-07
2.020986329804026826e-07
2.016962304302782008e-07
2.012930100747671593e-07
2.008889757119631495e-07
2.004841318144514635e-07
2.000784835167652241e-07
1.996720366023417132e-07
1.992647974905006690e-07
1.988567732234145903e-07
1.984479714528355979e-07
1.980384004271062635e-07
1.976280689779177849e-07
1.972169865074166361e-07
1.968051629752471860e-07
1.963926088859633867e-07
1.959793352763911471e-07
1.955653537034185652e-07
1.951506762319302612e-07
1.947353154230470131e-07
1.943192843226311760e-07
1.939025964501014526e-07
1.934852657876015392e-07
1.930673067695558387e-07
1.926487342723326413e-07
1.922295636044746315e-07
1.918098104972136545e-07
1.913894910952051021e-07
1.909686219478228494e-07
1.905472200004207069e-07
1.901253025861969072e-07
1.897028874182502863e-07
1.892799925818529866e-07
1.888566365270196759e-07
1.884328380612942143e-07
1.880086163426642767e-07
1.875839908728259318e-07
1.871589814903166674e-07
1.867336083639821977e-07
1.863078919864731039e-07
1.858818531677852287e-07
1.854555130286470481e-07
1.850288929942152325e-07
1.846020147873953414e-07
1.841749004224082908e-07
1.837475721979004812e-07
1.833200526901639871e-07
1.828923647460351120e-07
1.824645314757009881e-07
1.820365762451787436e-07
1.816085226685692545e-07
1.811803946000917262e-07
1.807522161257479625e-07
1.803240115545772801e-07
1.798958054098264813e-07
1.794676224194744668e-07
1.790394875065575844e-07
1.786114257791357294e-07
1.781834625196899542e-07
1.777556231743595907e-07
1.773279333416525193e-07
1.769004187607806775e-07
1.764731052996223195e-07
1.760460189423333382e-07
1.756191857765037846e-07
1.751926319800725847e-07
1.747663838078482810e-07
1.743404675776690962e-07
1.739149096563761474e-07
1.734897364453124799e-07
1.730649743658454214e-07
1.726406498443517847e-07
1.722167892973875918e-07
1.717934191162389597e-07
1.713705656517567441e-07
1.709482551988806908e-07
1.705265139810942109e-07
1.701053681350687060e-07
1.696848436949827114e-07
1.692649665772178113e-07
1.688457625649579119e-07
1.684272572930068903e-07
1.680094762327099263e-07
1.675924446772023173e-07
1.671761877266989247e-07
1.667607302742771233e-07
1.663460969918685174e-07
1.659323123166177658e-07
1.655194004375939327e-07
1.651073852830850989e-07
1.646962905080011554e-07
1.642861394821274155e-07
1.638769552786255864e-07
1.634687606631400785e-07
1.630615780834003586e-07
1.626554296594774766e-07
1.622503371744683709e-07
1.618463220658799021e-07
1.614434054175158393e-07
1.610416079521129670e-07
1.606409500242750043e-07
1.602414516144031637e-07
1.598431323228234862e-07
1.594460113648937178e-07
1.590501075663516685e-07
1.586554393594345314e-07
1.582620247794320673e-07
1.578698814619567762e-07
1.574790266404682584e-07
1.570894771445734309e-07
1.567012493985016300e-07
1.563143594203672428e-07
1.559288228215601873e-07
1.555446548066084816e-07
1.551618701734681669e-07
1.547804833140326133e-07
1.544005082150280977e-07
1.540219584590574542e-07
1.536448472259080525e-07
1.532691872941175640e-07
1.528949910424922423e-07
1.525222704519942450e-07
1.521510371074076677e-07
1.517813021993507506e-07
1.514130765260853526e-07
1.510463704952812940e-07
1.506811941258953144e-07
1.503175570498947578e-07
1.499554685136822826e-07
1.495949373797439751e-07
1.492359721277716690e-07
1.488785808558300770e-07
1.485227712812316433e-07
1.481685507411589544e-07
1.478159261932017049e-07
1.474649042154545560e-07
1.471154910065471529e-07
1.467676923852032168e-07
1.464215137898423343e-07
1.460769602776510793e-07
1.457340365235378015e-07
1.453927468187813698e-07
1.450530950695830377e-07
1.447150847952656513e-07
1.443787191262484725e-07
1.440440008020613634e-07
1.437109321688997465e-07
1.433795151773385154e-07
1.430497513797246822e-07
1.427216419275474462e-07
1.423951875688563844e-07
1.420703886455797453e-07
1.417472450908007613e-07
1.414257564263489256e-07
1.411059217600597872e-07
1.407877397836581631e-07
1.404712087703588113e-07
1.401563265729631478e-07
1.398430906220315083e-07
1.395314979245435924e-07
1.392215450624587981e-07
1.389132281921233260e-07
1.386065430436643382e-07
1.383014849210439573e-07
1.379980487023681684e-07
1.376962288407773947e-07
1.373960193657584990e-07
1.370974138850168322e-07
1.368004055869388489e-07
1.365049872433669351e-07
1.362111512132644398e-07
1.359188894466574224e-07
1.356281934893649876e-07
1.353390544882324667e-07
1.350514631969198555e-07
1.347654099822655200e-07
1.344808848313679210e-07
1.341978773589950877e-07
1.339163768157369132e-07
1.336363720965374493e-07
1.333578517499581384e-07
1.330808039875965551e-07
1.328052166942683514e-07
1.325310774383986031e-07
1.322583734829886374e-07
1.319870917967509160e-07
1.317172190657455206e-07
1.314487417051058948e-07
1.311816458711766410e-07
1.309159174737449144e-07
1.306515421884305826e-07
1.303885054691799088e-07
1.301267925608286383e-07
1.298663885116795117e-07
1.296072781860345143e-07
1.293494462765307195e-07
1.290928773166601510e-07
1.288375556926725539e-07
1.285834656556798400e-07
1.283305913331998235e-07
1.280789167405863743e-07
1.278284257919780338e-07
1.275791023110547775e-07
1.273309300411800962e-07
1.270838926553110170e-07
1.268379737652874869e-07
1.265931569307773320e-07
1.263494256676177058e-07
1.261067634556787575e-07
1.258651537463135250e-07
1.256245799690542866e-07
1.253850255379068095e-07
1.251464738571766661e-07
1.249089083266170236e-07
1.246723123462323006e-07
1.244366693203160256e-07
1.242019626613162459e-07
1.239681757929267473e-07
1.237352921530637402e-07
1.235032951960051733e-07
1.232721683945763697e-07
1.230418952417132531e-07
1.228124592516773103e-07
1.225838439612131678e-07
1.223560329303455173e-07
1.221290097428547777e-07
1.219027580067898678e-07
1.216772613547725820e-07
1.214525034443174251e-07
1.212284679579312970e-07
1.210051386034874581e-07
1.207824991145569572e-07
1.205605332508227248e-07
1.203392247986678640e-07
1.201185575720672056e-07
1.198985154135477641e-07
1.196790821955487018e-07
1.194602418220720375e-07
1.192419782306375188e-07
1.190242753945891066e-07
1.188071173259906756e-07
1.185904880786551769e-07
1.183743717518945847e-07
1.181587524944682478e-07
1.179436145092471034e-07
1.177289420581145959e-07
1.175147194675546465e-07
1.173009311345815185e-07
1.170875615331304961e-07
1.168745952209943297e-07
1.166620168472237227e-07
1.164498111596912041e-07
1.162379630134330390e-07
1.160264573790432730e-07
1.158152793516264594e-07
1.156044141598941319e-07
1.153938471756194521e-07
1.151835639233766461e-07
1.149735500902636589e-07
1.147637915360012884e-07
1.145542743029366312e-07
1.143449846261422567e-07
1.141359089436323772e-07
1.139270339062889624e-07
1.137183463878499518e-07
1.135098334946746842e-07
1.133014825752344522e-07
1.130932812294519006e-07
1.128852173175623409e-07
1.126772789688082400e-07
1.124694545894973097e-07
1.122617328707710955e-07
1.120541027957163874e-07
1.118465536461076153e-07
1.116390750083988664e-07
1.114316567792487231e-07
1.112242891702663743e-07
1.110169627122352392e-07
1.108096682584252633e-07
1.106023969875882782e-07
1.103951404057846017e-07
1.101878903478269645e-07
1.099806389777986424e-07
1.097733787890354708e-07
1.095661026032093676e-07
1.093588035688671224e-07
1.091514751591267577e-07
1.089441111688923130e-07
1.087367057113068542e-07
1.085292532136407773e-07
1.083217484126279655e-07
1.081141863492392521e-07
1.079065623629991334e-07
1.076988720858237102e-07
1.074911114354997648e-07
1.072832766087535039e-07
1.070753640740935928e-07
1.068673705644291184e-07
1.066592930693849353e-07
1.064511288276152919e-07
1.062428753189694770e-07
1.060345302567207295e-07
1.058260915797012990e-07
1.056175574446811081e-07
1.054089262187988779e-07
1.052001964722513864e-07
1.049913669711718273e-07
1.047824366709097289e-07
1.045734047095099245e-07
1.043642704018043928e-07
1.041550332336240177e-07
1.039456928567440254e-07
1.037362490841479851e-07
1.035267018859175682e-07
1.033170513855538046e-07
1.031072978569268646e-07
1.028974417217541900e-07
1.026874835476922615e-07
1.024774240468612785e-07
1.022672640751494678e-07
1.020570046318911181e-07
1.018466468601525198e-07
1.016361920475405507e-07
1.014256416276210721e-07
1.012149971814923723e-07
1.010042604402323372e-07
1.007934332873544223e-07
1.005825177618837985e-07
1.003715160616574456e-07
1.001604305469038057e-07
9.994926374396389206e-08
9.973801834943862680e-08
9.952669723408795872e-08
9.931530344709697114e-08
9.910384022016705102e-08
9.889231097169083500e-08
9.868071931065565482e-08
9.846906904056698070e-08
9.825736416293281048e-08
9.804560888068864739e-08
9.783380760108597497e-08
9.762196493839795828e-08
9.741008571606169610e-08
9.719817496830936815e-08
9.698623794142569522e-08
9.677428009439750752e-08
9.656230709881521099e-08
9.635032483837457306e-08
9.613833940760262627e-08
9.592635710994730463e-08
9.571438445516715271e-08
9.550242815604526137e-08
9.529049512440794816e-08
9.507859246635326198e-08
9.486672747697106929e-08
9.465490763411826201e-08
9.444314059181784291e-08
9.423143417272181477e-08
9.401979636021310101e-08
9.380823528965067936e-08
9.359675923932391845e-08
9.338537662075406385e-08
9.317409596842998544e-08
9.296292592937017714e-08
9.275187525210648468e-08
9.254095277542953905e-08
9.233016741685932791e-08
9.211952816093651353e-08
9.190904404741094218e-08
9.169872415922312008e-08
9.148857761065825913e-08
9.127861353537959395e-08
9.106884107469047724e-08
9.085926936593946486e-08
9.064990753122470796e-08
9.044076466626428421e-08
9.023184982978799678e-08
9.002317203317636156e-08
8.981474023077966898e-08
8.960656331055496131e-08
8.939865008537716860e-08
8.919100928495079116e-08
8.898364954832182380e-08
8.877657941708410172e-08
8.856980732931974581e-08
8.836334161419419256e-08
8.815719048740860647e-08
8.795136204724440824e-08
8.774586427152453087e-08
8.754070501522763220e-08
8.733589200891782821e-08
8.713143285784121328e-08
8.692733504181282094e-08
8.672360591582773175e-08
8.652025271120512356e-08
8.631728253752784468e-08
8.611470238512473654e-08
8.591251912810089406e-08
8.571073952786992541e-08
8.550937023714387420e-08
8.530841780444950657e-08
8.510788867880090219e-08
8.490778921487532858e-08
8.470812567819901497e-08
8.450890425071927918e-08
8.431013103622814573e-08
8.411181206622083598e-08
8.391395330524516503e-08
8.371656065651093801e-08
8.351963996719790846e-08
8.332319703363572895e-08
8.312723760611610410e-08
8.293176739340632467e-08
8.273679206690932438e-08
8.254231726431252575e-08
8.234834859285493882e-08
8.215489163198098159e-08
8.196195193540074201e-08
8.176953503264882307e-08
8.157764642996140568e-08
8.138629161039308629e-08
8.119547603347545643e-08
8.100520513401743935e-08
8.081548432022643862e-08
8.062631897122131702e-08
8.043771443379306465e-08
8.024967601847221021e-08
8.006220899503537740e-08
7.987531858722774028e-08
7.968900996697813232e-08
7.950328824810846360e-08
7.931815847916133696e-08
7.913362563632926842e-08
7.894969461529551000e-08
7.876637022315919193e-08
7.858365716974471173e-08
7.840156005889080763e-08
7.822008337917184206e-08
7.803923149484999423e-08
7.785900863648525136e-08
7.767941889161277883e-08
7.750046619547435476e-08
7.732215432197135671e-08
7.714448687453991393e-08
7.696746727760062597e-08
7.679109876811598673e-08
7.661538438765802679e-08
7.644032697484464009e-08
7.626592915834899453e-08
7.609219335046531089e-08
7.591912174124548899e-08
7.574671629336083381e-08
7.557497873768652565e-08
7.540391056954132326e-08
7.523351304578655538e-08
7.506378718275157827e-08
7.489473375491161017e-08
7.472635329448376282e-08
7.455864609176641043e-08
7.439161219650552007e-08
7.422525141997176171e-08
7.405956333791563410e-08
7.389454729437677051e-08
7.373020240628680836e-08
7.356652756878691651e-08
7.340352146141431212e-08
7.324118255483618587e-08
7.307950911837376320e-08
7.291849922802767686e-08
7.275815077516226480e-08
7.259846147552223594e-08
7.243942887885661876e-08
7.228105037882148967e-08
7.212332322310711222e-08
7.196624452394998648e-08
7.180981126864975573e-08
7.165402033025354769e-08
7.149886847823848940e-08
7.134435238899540748e-08
7.119046865641390773e-08
7.103721380201553616e-08
7.088458428486210572e-08
7.073257651133371226e-08
7.058118684406403217e-08
7.043041161078293608e-08
7.028024711241482528e-08
7.013068963059608880e-08
6.998173543465622989e-08
6.983338078778541729e-08
6.968562195256477659e-08
6.953845519575464098e-08
6.939187679212119469e-08
6.924588302777387540e-08
6.910047020232853760e-08
6.895563463057863536e-08
6.881137264311515777e-08
6.866768058617358072e-08
6.852455482082655183e-08
6.838199172115789915e-08
6.823998767183154080e-08
6.809853906491554809e-08
6.795764229605090964e-08
6.781729375979838239e-08
6.767748984468457967e-08
6.753822692745703640e-08
6.739950136695976389e-08
6.726130949765313007e-08
6.712364762263406987e-08
6.698651200658751371e-08
6.684989886829465905e-08
6.671380437321776604e-08
6.657822462588601952e-08
6.644315566239384790e-08
6.630859344295473595e-08
6.617453384468038802e-08
6.604097265448137433e-08
6.590790556250863428e-08
6.577532815576818476e-08
6.564323591233502482e-08
6.551162419608545104e-08
6.538048825200880954e-08
6.524982320208772629e-08
6.511962404200337392e-08
6.498988563853985835e-08
6.486060272778972659e-08
6.473176991408526256e-08
6.460338166995932514e-08
6.447543233678358741e-08
6.434791612642201119e-08
6.422082712379952738e-08
6.409415929020345273e-08
6.396790646761447523e-08
6.384206238391654193e-08
6.371662065884652434e-08
6.359157481090468369e-08
6.346691826487269721e-08
6.334264436027999066e-08
6.321874636048513585e-08
6.309521746230481538e-08
6.297205080643382337e-08
6.284923948815963521e-08
6.272677656877943235e-08
6.260465508712536192e-08
6.248286807166085545e-08
6.236140855262525494e-08
6.224026957436168917e-08
6.211944420775270850e-08
6.199892556262064873e-08
6.187870679997204817e-08
6.175878114413390927e-08
6.163914189457740507e-08
6.151978243731334428e-08
6.140069625603819843e-08
6.128187694259965718e-08
6.116331820690924313e-08
6.104501388637716033e-08
6.092695795436923009e-08
6.080914452808048571e-08
6.069156787551762241e-08
6.057422242164665660e-08
6.045710275358792451e-08
6.034020362490758785e-08
6.022351995891072588e-08
6.010704685097214505e-08
5.999077956985628137e-08
5.987471355799124199e-08
5.975884443088944795e-08
5.964316797542103689e-08
5.952768014719882749e-08
5.941237706699511868e-08
5.929725501638509475e-08
5.918231043229623453e-08
5.906753990094618924e-08
5.895294015096627120e-08
5.883850804577454422e-08
5.872424057542391233e-08
5.861013484784636003e-08
5.849618807952836368e-08
5.838239758596597493e-08
5.826876077168930053e-08
5.815527512006091025e-08
5.804193818300390145e-08
5.792874757057737857e-08
5.781570094067483842e-08
5.770279598882188993e-08
5.759003043820394336e-08
5.747740202998809791e-08
5.736490851395864978e-08
5.725254763982170348e-08
5.714031714886899113e-08
5.702821476632379825e-08
5.691623819441772009e-08
5.680438510615970198e-08
5.669265313998688731e-08
5.658103989520689867e-08
5.646954292838514969e-08
5.635815975065456914e-08
5.624688782606721526e-08
5.613572457076583781e-08
5.602466735341359513e-08
5.591371349636396542e-08
5.580286027800137673e-08
5.569210493600371977e-08
5.558144467166120350e-08
5.547087665498083374e-08
5.536039803087033601e-08
5.525000592601543441e-08
5.513969745670529124e-08
5.502946973723398196e-08
5.491931988919661558e-08
5.480924505122685857e-08
5.469924238931983121e-08
5.458930910763878557e-08
5.447944245960758428e-08
5.436963975934254837e-08
5.425989839326355841e-08
5.415021583167989031e-08
5.404058964055048690e-08
5.393101749296244555e-08
5.382149718056504310e-08
5.371202662452121672e-08
5.360260388621895734e-08
5.349322717743342855e-08
5.338389486990717398e-08
5.327460550428300612e-08
5.316535779832847131e-08
5.305615065431813224e-08
5.294698316556315308e-08
5.283785462192699933e-08
5.272876451443426984e-08
5.261971253883655330e-08
5.251069859809798690e-08
5.240172280360938537e-08
5.229278547561416622e-08
5.218388714210839806e-08
5.207502853689167192e-08
5.196621059633316250e-08
5.185743445500402855e-08
5.174870144028373865e-08
5.164001306591007416e-08
5.153137102436962342e-08
5.142277717842217158e-08
5.131423355166436972e-08
5.120574231831903067e-08
5.109730579209258919e-08
5.098892641446379949e-08
5.088060674226480282e-08
5.077234943480041001e-08
5.066415724045023051e-08
5.055603298309558493e-08
5.044797954806440275e-08
5.033999986820490218e-08
5.023209690976604060e-08
5.012427365840741552e-08
5.001653310536842752e-08
4.990887823403949929e-08
4.980131200675482695e-08
4.969383735221875161e-08
4.958645715344778881e-08
4.947917423640007144e-08
4.937199135941798402e-08
4.926491120340637897e-08
4.915793636313021961e-08
4.905106933925611670e-08
4.894431253158947181e-08
4.883766823337569257e-08
4.873113862676751425e-08
4.862472577934582513e-08
4.851843164200374515e-08
4.841225804789193752e-08
4.830620671263413230e-08
4.820027923577747838e-08
4.809447710327554782e-08
4.798880169139777006e-08
4.788325427149740024e-08
4.777783601601511009e-08
4.767254800545542254e-08
4.756739123631784522e-08
4.746236662997065229e-08
4.735747504226818916e-08
4.725271727396941084e-08
4.714809408170038748e-08
4.704360618954015999e-08
4.693925430103968097e-08
4.683503911149624191e-08
4.673096132053400359e-08
4.662702164470730372e-08
4.652322083024372497e-08
4.641955966551719775e-08
4.631603899334673336e-08
4.621265972297622927e-08
4.610942284162153997e-08
4.600632942541575722e-08
4.590338064970295670e-08
4.580057779858998335e-08
4.569792227368308671e-08
4.559541560184373177e-08
4.549305944201379193e-08
4.539085559082616953e-08
4.528880598725603903e-08
4.518691271598017970e-08
4.508517800950476867e-08
4.498360424907476349e-08
4.488219396438015372e-08
4.478094983171607303e-08
4.467987467115696493e-08
4.457897144225998169e-08
4.447824323854197878e-08
4.437769328081404720e-08
4.427732490918071155e-08
4.417714157409881568e-08
4.407714682614916972e-08
4.397734430500402537e-08
4.387773772727294053e-08
4.377833087376770520e-08
4.367912757579789754e-08
4.358013170097639185e-08
4.348134713839835320e-08
4.338277778349088853e-08
4.328442752244650011e-08
4.318630021665613541e-08
4.308839968684251292e-08
4.299072969755147837e-08
4.289329394153201566e-08
4.279609602462934810e-08
4.269913945102053872e-08
4.260242760899602979e-08
4.250596375746613662e-08
4.240975101316048056e-08
4.231379233874099990e-08
4.221809053182016113e-08
4.212264821517127635e-08
4.202746782788629327e-08
4.193255161792988591e-08
4.183790163581819990e-08
4.174351972972568213e-08
4.164940754189086189e-08
4.155556650638687406e-08
4.146199784844663863e-08
4.136870258506087913e-08
4.127568152708260913e-08
4.118293528267151888e-08
4.109046426220031443e-08
4.099826868442556437e-08
4.090634858399869176e-08
4.081470382012629038e-08
4.072333408649679504e-08
4.063223892222649645e-08
4.054141772384094800e-08
4.045086975805951854e-08
4.036059417550416409e-08
4.027059002495244457e-08
4.018085626826320389e-08
4.009139179559612412e-08
4.000219544114542203e-08
3.991326599889704420e-08
3.982460223846917574e-08
3.973620292092017798e-08
3.964806681428315943e-08
3.956019270873637566e-08
3.947257943146500462e-08
3.938522586072208549e-08
3.929813093924945135e-08
3.921129368692661110e-08
3.912471321241642686e-08
3.903838872374288778e-08
3.895231953782369834e-08
3.886650508877092983e-08
3.878094493482051095e-08
3.869563876402557954e-08
3.861058639847526256e-08
3.852578779708510704e-08
3.844124305696092219e-08
3.835695241326836944e-08
3.827291623756706041e-08
3.818913503466471622e-08
3.810560943817820531e-08
3.802234020442687263e-08
3.793932820509383961e-08
3.785657441860226240e-08
3.777407992016691012e-08
3.769184587068072857e-08
3.760987350459144962e-08
3.752816411667192912e-08
3.744671904807241277e-08
3.736553967153042100e-08
3.728462737592773692e-08
3.720398355040329757e-08
3.712360956810995406e-08
3.704350676961903814e-08
3.696367644636938476e-08
3.688411982409224058e-08
3.680483804643543043e-08
3.672583215890617362e-08
3.664710309330967914e-08
3.656865165275417434e-08
3.649047849743572671e-08
3.641258413121997146e-08
3.633496888924512916e-08
3.625763292661166748e-08
3.618057620824265505e-08
3.610379849996719784e-08
3.602729936112667532e-08
3.595107813846636897e-08
3.587513396162108109e-08
3.579946574005302464e-08
3.572407216165653503e-08
3.564895169290148335e-08
3.557410258063556395e-08
3.549952285548210760e-08
3.542521033676402953e-08
3.535116263909928462e-08
3.527737718042319582e-08
3.520385119146149198e-08
3.513058172672157939e-08
3.505756567657335586e-08
3.498479978079015068e-08
3.491228064298403884e-08
3.484000474617159338e-08
3.476796846920888554e-08
3.469616810396178232e-08
3.462459987309734408e-08
3.455325994827864153e-08
3.448214446884555785e-08
3.441124956058264985e-08
3.434057135442336265e-08
3.427010600531736433e-08
3.419984971046797256e-08
3.412979872752218718e-08
3.405994939182037059e-08
3.399029813328110838e-08
3.392084149215445384e-08
3.385157613407329974e-08
3.378249886375077461e-08
3.371360663768125691e-08
3.364489657535144510e-08
3.357636596921405142e-08
3.350801229298004931e-08
3.343983320856589209e-08
3.337182657129688929e-08
3.330399043341548473e-08
3.323632304603345575e-08
3.316882285925276097e-08
3.310148852066306264e-08
3.303431887213542244e-08
3.296731294491859608e-08
3.290046995309400312e-08
3.283378928552547953e-08
3.276727049625040358e-08
3.270091329351764688e-08
3.263471752734491189e-08
3.256868317601576937e-08
3.250281033137499441e-08
3.243709918320511649e-08
3.237155000261152412e-08
3.230616312490084524e-08
3.224093893165492424e-08
3.217587783262380532e-08
3.211098024715143147e-08
3.204624658570306034e-08
3.198167723120560478e-08
3.191727252092847984e-08
3.185303272845474465e-08
3.178895804629514241e-08
3.172504856922945706e-08
3.166130427845413291e-08
3.159772502662723952e-08
3.153431052416995715e-08
3.147106032668731030e-08
3.140797382371784961e-08
3.134505022899547954e-08
3.128228857223064469e-08
3.121968769245649564e-08
3.115724623315552454e-08
3.109496263898293066e-08
3.103283515432890770e-08
3.097086182367486748e-08
3.090904049371219356e-08
3.084736881725143730e-08
3.078584425895892786e-08
3.072446410267176202e-08
3.066322546051913136e-08
3.060212528351299361e-08
3.054116037386476548e-08
3.048032739842908552e-08
3.041962290378249609e-08
3.035904333225675797e-08
3.029858503920637142e-08
3.023824431104306562e-08
3.017801738425254203e-08
3.011790046493120327e-08
3.005788974875013074e-08
2.999798144135996935e-08
2.993817177880636710e-08
2.987845704805379510e-08
2.981883360712486107e-08
2.975929790510578490e-08
2.969984650145777047e-08
2.964047608465421868e-08
2.958118349001298119e-08
2.952196571651428894e-08
2.946281994247533503e-08
2.940374353991818366e-08
2.934473408759954221e-08
2.928578938246127362e-08
2.922690744956071949e-08
2.916808655016850048e-08
2.910932518825606411e-08
2.905062211500103970e-08
2.899197633161065072e-08
2.893338709005201267e-08
2.887485389195689631e-08
2.881637648573117479e-08
2.875795486153966072e-08
2.869958924475005786e-08
2.864128008726179225e-08
2.858302805736234264e-08
2.852483402781877455e-08
2.846669906242905732e-08
2.840862440116166518e-08
2.835061144396145210e-08
2.829266173336760927e-08
2.823477693605573855e-08
2.817695882356656910e-08
2.811920925224505080e-08
2.806153014258397015e-08
2.800392345830476439e-08
2.794639118502817306e-08
2.788893530906699471e-08
2.783155779630131681e-08
2.777426057130449056e-08
2.771704549711346946e-08
2.765991435546072134e-08
2.760286882800827295e-08
2.754591047849069040e-08
2.748904073596669340e-08
2.743226087947078590e-08
2.737557202391644740e-08
2.731897510771250463e-08
2.726247088185555083e-08
2.720605990086020477e-08
2.714974251551785591e-08
2.709351886739778933e-08
2.703738888553231568e-08
2.698135228478917755e-08
2.692540856640561695e-08
2.686955702041883047e-08
2.681379673008401374e-08
2.675812657819623484e-08
2.670254525535626818e-08
2.664705126997319003e-08
2.659164295996884523e-08
2.653631850622399227e-08
2.648107594746467578e-08
2.642591319652768437e-08
2.637082805799425458e-08
2.631581824679697601e-08
2.626088140784862180e-08
2.620601513650360589e-08
2.615121699956721255e-08
2.609648455675082512e-08
2.604181538245079412e-08
2.598720708749964447e-08
2.593265734090022294e-08
2.587816389115859348e-08
2.582372458723021571e-08
2.576933739878524128e-08
2.571500043551928351e-08
2.566071196562481373e-08
2.560647043297076957e-08
2.555227447300350414e-08
2.549812292722157318e-08
2.544401485603079021e-08
2.538994954985018834e-08
2.533592653852191437e-08
2.528194559874076661e-08
2.522800675956885906e-08
2.517411030586838129e-08
2.512025677983336818e-08
2.506644698030557852e-08
2.501268196002629664e-08
2.495896302094168208e-08
2.490529170738778730e-08
2.485166979728355913e-08
2.479809929152329296e-08
2.474458240142203939e-08
2.469112153448985802e-08
2.463771927860526811e-08
2.458437838467227889e-08
2.453110174791956294e-08
2.447789238808109963e-08
2.442475342840795921e-08
2.437168807396614091e-08
2.431869958911645822e-08
2.426579127461436468e-08
2.421296644427669422e-08
2.416022840170489465e-08
2.410758041686991693e-08
2.405502570319826332e-08
2.400256739489127067e-08
2.395020852513448644e-08
2.389795200489414767e-08
2.384580060297415755e-08
2.379375692711030007e-08
2.374182340639026974e-08
2.369000227522308666e-08
2.363829555897916505e-08
2.358670506128199660e-08
2.353523235317401353e-08
2.348387876424915611e-08
2.343264537586528004e-08
2.338153301636694357e-08
2.333054225840028987e-08
2.327967341852958601e-08
2.322892655881864331e-08
2.317830149069127267e-08
2.312779778088504596e-08
2.307741475939415238e-08
2.302715152947287071e-08
2.297700697957678507e-08
2.292697979707770418e-08
2.287706848362977206e-08
2.282727137218505963e-08
2.277758664547203183e-08
2.272801235559543668e-08
2.267854644488928705e-08
2.262918676765828393e-08
2.257993111259222397e-08
2.253077722582675934e-08
2.248172283430690899e-08
2.243276566932708693e-08
2.238390349008724403e-08
2.233513410686344764e-08
2.228645540388098396e-08
2.223786536143458705e-08
2.218936207727859165e-08
2.214094378695606797e-08
2.209260888286858074e-08
2.204435593215440434e-08
2.199618369287983233e-08
2.194809112869158009e-08
2.190007742163506683e-08
2.185214198309234060e-08
