0.000000000000000000e+00
0.000000000000000000e+00
4.291677633825968785e-02
3.350257859848732728e-02
2.159224261487165120e-02
1.213049098498066372e-02
6.047606372043466856e-03
2.735173247078855670e-03
1.202360704559618521e-03
6.021885475326661536e-04
3.914615477717748909e-04
3.001516477989536595e-04
2.331383548622640071e-04
1.757003694049716607e-04
1.343272255360168134e-04
1.112682499701217969e-04
1.013097452745376421e-04
9.699989193014906636e-05
9.363242784996640743e-05
9.080928170311338213e-05
8.881941548504609864e-05
8.882938330859927020e-05
9.165019960156500420e-05
9.637858534169860486e-05
1.021426527886184474e-04
1.084503406309397214e-04
1.150484473674985152e-04
1.218280006411793430e-04
1.285843931895532639e-04
1.353548553515507020e-04
1.421601508649951190e-04
1.487645357182779669e-04
1.551763083306422473e-04
1.613934667743970931e-04
1.677853716636328063e-04
1.743626323843963492e-04
1.811586029997475219e-04
1.880601747909734010e-04
1.948488633178943206e-04
2.015850512720357998e-04
2.083843136337652693e-04
2.153118416498426061e-04
2.223088802060545004e-04
2.292994032720957584e-04
2.362136415659642642e-04
2.429854276703355387e-04
2.495738933779106613e-04
2.560306161814659585e-04
2.624016842178852546e-04
2.687245505386926209e-04
2.750586502783259322e-04
2.814405872697793446e-04
2.878377099325629207e-04
2.941993334253443343e-04
3.004836546416101155e-04
3.066580107505742763e-04
3.126901838090831508e-04
3.185865160821998044e-04
3.243652235338127863e-04
3.300438719607097699e-04
3.356253564897944842e-04
3.411106874745670659e-04
3.464939633964979576e-04
3.517697490200405301e-04
3.569324505732941332e-04
3.619807170440911769e-04
3.669046809402789176e-04
3.716979348005936923e-04
3.763516382221542998e-04
3.808611853036668587e-04
3.852237656719164076e-04
3.894406953552793905e-04
3.935154580960128806e-04
3.974504538219144397e-04
4.012414068498967520e-04
4.048839677641107981e-04
4.083723100069104953e-04
4.117052631617448399e-04
4.148807207471312606e-04
4.178978214515036344e-04
4.207560816992244202e-04
4.234550031948310003e-04
4.259944258058198717e-04
4.283728085994138778e-04
4.305896785777856440e-04
4.326442337892097119e-04
4.345379040400748193e-04
4.362699091845706543e-04
4.378404080448590734e-04
4.392497887879122744e-04
4.404952240605564074e-04
4.415772933370358858e-04
4.424956737979204510e-04
4.432504309369151804e-04
4.438434140126182141e-04
4.442744877184440092e-04
4.445447401643306553e-04
4.446548853766392473e-04
4.446052988694782545e-04
4.443974644338935997e-04
4.440343258034332207e-04
4.435169692803591279e-04
4.428421329386594699e-04
4.420200512786864292e-04
4.410432568035549958e-04
4.399175861701570193e-04
4.386444895054546407e-04
4.372295043046238558e-04
4.356699835662699530e-04
4.339714014827386656e-04
4.321313358192478303e-04
4.301551306981222914e-04
4.280476879069614591e-04
4.258063979209106135e-04
4.234325141618188685e-04
4.209343226692494793e-04
4.183127832864787579e-04
4.155655191930181778e-04
4.127003913739840050e-04
4.097183064520422326e-04
4.066234239127211689e-04
4.034165647356812616e-04
4.001016979284230998e-04
3.966826253865925905e-04
3.931599789128643646e-04
3.895403571889993668e-04
3.858241881613171998e-04
3.820176876547957479e-04
3.781211035405219480e-04
3.741403000324729526e-04
3.700753659362577869e-04
3.659318185173139897e-04
3.617148088045358915e-04
3.574239731842862458e-04
3.530693390737007749e-04
3.486476819690522452e-04
3.441660271996181252e-04
3.396260982136272712e-04
3.350344234567730691e-04
3.303923975749312463e-04
3.257037321261879032e-04
3.209766221042164463e-04
3.162096376075474021e-04
3.114082503900334115e-04
3.065776532199381986e-04
3.017183643561499335e-04
2.968374142268911139e-04
2.919393235951506325e-04
2.870262655720691772e-04
2.821023946538155449e-04
2.771716528913757216e-04
2.722377085672311368e-04
2.673037585600853902e-04
2.623747460237977019e-04
2.574553585507349677e-04
2.525461798987266434e-04
2.476534758649559151e-04
2.427775448542506486e-04
2.379260933245782477e-04
2.330990952397768521e-04
2.283019493919869912e-04
2.235379865173088673e-04
2.188103595790487203e-04
2.141255440444511866e-04
2.094827852115812325e-04
2.048864572825851056e-04
2.003407058442097642e-04
1.958494583163758733e-04
1.914164339002983391e-04
1.870451530526051447e-04
1.827373409469068653e-04
1.784977900974758975e-04
1.743294762159318997e-04
1.702352099218372905e-04
1.662176441855062051e-04
1.622823121840745735e-04
1.584299243560110019e-04
1.546653843249173876e-04
1.509903682532457575e-04
1.474064438918756402e-04
1.439179406841105738e-04
1.405275465073881633e-04
1.372377961069243756e-04
1.340496916647321518e-04
1.309668975520921039e-04
1.279928837930089140e-04
1.251282505392800626e-04
1.223749943367451480e-04
1.197366965938889558e-04
1.172151896803930372e-04
1.148127043141260889e-04
1.125309568798733736e-04
1.103720565363605605e-04
1.083377360987204462e-04
1.064299870927266689e-04
1.046506792763811789e-04
1.030015657739757635e-04
1.014845273091475789e-04
1.001010910689996544e-04
9.885268196501403642e-05
9.774062695056463421e-05
9.676648909857914367e-05
9.593132805767453177e-05
9.523633138813799421e-05
9.468248747865727968e-05
9.427081569243838885e-05
9.400203603898146321e-05
9.387712510131737621e-05
9.389676660202270306e-05
9.406147124592264793e-05
9.437200595002944727e-05
9.482896416869897587e-05
9.543256697890462558e-05
9.618339699024534817e-05
9.708187422637874905e-05
9.812735887899378751e-05
9.932128686179772319e-05
1.006629310114353238e-04
1.021515522764572374e-04
1.037883380431702413e-04
1.055724754067213122e-04
1.075031434459107526e-04
1.095813995038692290e-04
1.118054238270025101e-04
1.141752773613982771e-04
1.166891477896461288e-04
1.193479809658749716e-04
1.221508516511078863e-04
1.250959388068994963e-04
1.281832233779865748e-04
1.314117755508296720e-04
1.347789231348960287e-04
1.382846438751312917e-04
1.419280290039787575e-04
1.457073210017533556e-04
1.496216330660628789e-04
1.536700785591315417e-04
1.578492889668734053e-04
1.621584412999970348e-04
1.665950847493047826e-04
1.711592432732566475e-04
1.758485125537594595e-04
1.806605410202866168e-04
1.855938157188528263e-04
1.906460673904775474e-04
1.958158505748943258e-04
2.010994384844620308e-04
2.064962491182746975e-04
2.120041852617445693e-04
2.176196953214531971e-04
2.233422948007161098e-04
2.291671287147361723e-04
2.350933817140048263e-04
2.411181271805171123e-04
2.472399528315306991e-04
2.534553276185752589e-04
2.597629411185997965e-04
2.661600990014652691e-04
2.726434753746694094e-04
2.792119103368759974e-04
2.858622012477633626e-04
2.925919112509637698e-04
2.993986637749185839e-04
3.062801409931042648e-04
3.132334151798216214e-04
3.202549723379164684e-04
3.273420493671570612e-04
3.344913025326291226e-04
3.417001246942808997e-04
3.489659763641102925e-04
3.562851082021565121e-04
3.636551389853645588e-04
3.710731208891886092e-04
3.785343129158968934e-04
3.860372023251245808e-04
3.935778545248012775e-04
4.011536639172062183e-04
4.087614888387069252e-04
4.163982732424774250e-04
4.240598495584830380e-04
4.317427586900620968e-04
4.394448149802711377e-04
4.471615530789267972e-04
4.548903738382862314e-04
4.626281733868099853e-04
4.703713614479610523e-04
4.781170163228446227e-04
4.858606038802310988e-04
4.935999594477707454e-04
5.013313089267301594e-04
5.090515369278691927e-04
5.167587144140951307e-04
5.244427848909501578e-04
5.321091397080236979e-04
5.397522655765302820e-04
5.473614568942586529e-04
5.549422284065886734e-04
5.624841323020816474e-04
5.699874820276545429e-04
5.774473859999039449e-04
5.848590892211543010e-04
5.922282997433251945e-04
5.995404221275892542e-04
6.068015803628610877e-04
6.140076790304364440e-04
6.211547378430156991e-04
6.282438571377135707e-04
6.352662455073823265e-04
6.422231562756063137e-04
6.491109478170256544e-04
6.559212407060638697e-04
6.626603108737256619e-04
6.693199467190668901e-04
6.759016540165111060e-04
6.823974738789019990e-04
6.888043487974039375e-04
6.951286289780836359e-04
7.013579968051786555e-04
7.074942579578732960e-04
7.135346134088745192e-04
7.194808900852467078e-04
7.253258510794963459e-04
7.310669387060981465e-04
7.367016715700638613e-04
7.422276427059478496e-04
7.476469230199065232e-04
7.529571681740035395e-04
7.581517528083180557e-04
7.632285514201427468e-04
7.681898032199999116e-04
7.730291617263899311e-04
7.777489418909510656e-04
7.823471959602854020e-04
7.868178406757313790e-04
7.911632952333272611e-04
7.953776430554923170e-04
7.994633665156896914e-04
8.034188067840036156e-04
8.072423589260644414e-04
8.109324705887923203e-04
8.144916663943731466e-04
8.179104204366414825e-04
8.211913799524502315e-04
8.243331903780963272e-04
8.273306108748302483e-04
8.301863568600761131e-04
8.328953217025106054e-04
8.354602615173110621e-04
8.378723558112193860e-04
8.401421058856539713e-04
8.422645925778126774e-04
8.442425726519143169e-04
8.460749757543915015e-04
8.477607645817123155e-04
8.493026538764395601e-04
8.506959257917195982e-04
8.519433273628844927e-04
8.530439069413161537e-04
8.539967483319316731e-04
8.547973585221314927e-04
8.554485410362294619e-04
8.559494803805913713e-04
8.562993931465048619e-04
8.564975272138497346e-04
8.565466739717784734e-04
8.564460839708658161e-04
8.561950377107216143e-04
8.557963007748131809e-04
8.552457180096265012e-04
8.545529115305054409e-04
8.537069085462953549e-04
8.527206577068311170e-04
8.515832971692925864e-04
8.503042839264477511e-04
8.488829024403385165e-04
8.473184643800965588e-04
8.456103079596676442e-04
8.437610725001621790e-04
8.417700955280143582e-04
8.396367400354518050e-04
8.373636176293802963e-04
8.349532966465545835e-04
8.323987324571941078e-04
8.297120791583624012e-04
8.268894643616985386e-04
8.239333874972362302e-04
8.208494311921496001e-04
8.176368563916548053e-04
8.143011335551423365e-04
8.108414774641184517e-04
8.072601887709558634e-04
8.035595301860204345e-04
7.997386974476072960e-04
7.958029396706451904e-04
7.917514100940747359e-04
7.875832870490997789e-04
7.833066799125221148e-04
7.789177273388391779e-04
7.744214700109644653e-04
7.698170064503627105e-04
7.651121896950495741e-04
7.603030940216869626e-04
7.553943295492884097e-04
7.503903740924922029e-04
7.452899180814734738e-04
7.400945220748350291e-04
7.348113709321810573e-04
7.294390821401044176e-04
7.239763053185050519e-04
7.184328548994892757e-04
7.128072803005968414e-04
7.071009198705409610e-04
7.013178335006600055e-04
6.954592772135778818e-04
6.895292034005799393e-04
6.835314923029873558e-04
6.774645721361620323e-04
6.713349374855748404e-04
6.651436324129339625e-04
6.588916838981983713e-04
6.525801021010943330e-04
6.462151348317489614e-04
6.397950701646532446e-04
6.333208328547457145e-04
6.267985125697527263e-04
6.202289307414550566e-04
6.136154608638477075e-04
6.069639687540515560e-04
6.002776701190201420e-04
5.935571915299380505e-04
5.868056669495468362e-04
5.800311863559780160e-04
5.732317098965108255e-04
5.664102024607267248e-04
5.595720465740364451e-04
5.527151429621417547e-04
5.458447790893144113e-04
5.389612683876396056e-04
5.320697724252653827e-04
5.251705253842369175e-04
5.182661613448095572e-04
5.113616599554852244e-04
5.044571421961109364e-04
4.975574710269337455e-04
4.906650580029330152e-04
4.837799177425217796e-04
4.769090859172796086e-04
4.700524783166350434e-04
4.632146503181216058e-04
4.563977637701389185e-04
4.496016396145742977e-04
4.428329322294700964e-04
4.360911954373219751e-04
4.293804912679859663e-04
4.227025476580280913e-04
4.160590588028105843e-04
4.094516857356796319e-04
4.028820568979785935e-04
3.963539889101762997e-04
3.898690177445349441e-04
3.834286488149025768e-04
3.770343575062487756e-04
3.706919536409415293e-04
3.644027976715191134e-04
3.581682222893002652e-04
3.519916868501109242e-04
3.458744423021478448e-04
3.398198491740853176e-04
3.338290796164913019e-04
3.279032810723212280e-04
3.220435767174276587e-04
3.162531653626309328e-04
3.105351869033810309e-04
3.048885597618982497e-04
2.993142885210995502e-04
2.938174845144372882e-04
2.883990571121752334e-04
2.830578482466503533e-04
2.777988294879469699e-04
2.726228244863761240e-04
2.675326594777449412e-04
2.625250690220928894e-04
2.576068605736501148e-04
2.527767377434333128e-04
2.480373967307051425e-04
2.433895039175540300e-04
2.388337093559785333e-04
2.343706470814470397e-04
2.300048471936877502e-04
2.257329689109659448e-04
2.215594802807961151e-04
2.174849072830378901e-04
2.135078377040650381e-04
2.096307097277519480e-04
2.058559168821270935e-04
2.021839077654529881e-04
1.986132250243540127e-04
1.951462009101126752e-04
1.917832468848112905e-04
1.885247625793986886e-04
1.853729992586457720e-04
1.823264641658791426e-04
1.793874142439204518e-04
1.765543919119655987e-04
1.738314589349336178e-04
1.712153016864654479e-04
1.687081117216067904e-04
1.663105914337684947e-04
1.640230662169387906e-04
1.618454918451416881e-04
1.597779990043789210e-04
1.578205331323612323e-04
1.559730357601699503e-04
1.542357986490451344e-04
1.526087517552756647e-04
1.510916458982317437e-04
1.496845811438735009e-04
1.483871287138037898e-04
1.471993828698190039e-04
1.461209132739863740e-04
1.451514642061224548e-04
1.442909512913561427e-04
1.435389453970594591e-04
1.428950198784475546e-04
1.423584112812979264e-04
1.419285328637669597e-04
1.416046345898544685e-04
1.413861417773534931e-04
1.412724847741037384e-04
1.412627659999377320e-04
1.413560978916168027e-04
1.415519332596178745e-04
1.418490713951784418e-04
1.422466542943571989e-04
1.427438336305526345e-04
1.433399334334918280e-04
1.440337983513866082e-04
1.448242873044930162e-04
1.457104342899414782e-04
1.466908038229948941e-04
1.477642985405897545e-04
1.489299939201676147e-04
1.501865008491669784e-04
1.515326062852855515e-04
1.529671127263122266e-04
1.544882106413866731e-04
1.560948962556121117e-04
1.577853999417434003e-04
1.595570451287445495e-04
1.614118296122185798e-04
1.633440198694161981e-04
1.653556718997691987e-04
1.674428354633591531e-04
1.696046979508947358e-04
1.718404571647327004e-04
1.741478086774980239e-04
1.765259870791775309e-04
1.789727351698700019e-04
1.814873233699302853e-04
1.840675406425189514e-04
1.867126923010271173e-04
1.894191320489361542e-04
1.921876900717374860e-04
1.950147745757631215e-04
1.978997734504290261e-04
2.008406233309514247e-04
2.038367439719301411e-04
2.068832153106507014e-04
2.099809628209920885e-04
2.131280207914646428e-04
2.163210169525877757e-04
2.195594842746373485e-04
2.228401143274347815e-04
2.261624831228243736e-04
2.295247587363510573e-04
2.329237257815237265e-04
2.363590225374350578e-04
2.398274938290562261e-04
2.433274232531158201e-04
2.468585085607928977e-04
2.504162971857775018e-04
2.540005393656585213e-04
2.576082384948425179e-04
2.612378107299035052e-04
2.648890610113791943e-04
2.685563519345003495e-04
2.722409082510214118e-04
2.759398824901470411e-04
2.796504669912865094e-04
2.833712364739383394e-04
2.871007862542819360e-04
2.908363979460001458e-04
2.945767207282596863e-04
2.983190983718081641e-04
3.020622324268268312e-04
3.058035272550850775e-04
3.095417353198693755e-04
3.132743200428174933e-04
3.169987803762364803e-04
3.207152476468186418e-04
3.244199702037483938e-04
3.281068200211466812e-04
3.317835709082134362e-04
3.354442809800896276e-04
3.390867556662188341e-04
3.427088312684439439e-04
3.463096434006337630e-04
3.498883410339630271e-04
3.534415652504101376e-04
3.569685159438282305e-04
3.604671532574521423e-04
3.639342178575615829e-04
3.673702273665740829e-04
3.707732146845244665e-04
3.741412403937072542e-04
3.774723923840319576e-04
3.807660135053782865e-04
3.840214572823178753e-04
3.872380877450798463e-04
3.904116307890884564e-04
3.935439306886136831e-04
3.966331851746098805e-04
3.996752083022622640e-04
4.026718729343709544e-04
4.056202431266902036e-04
4.085198084436850803e-04
4.113676888571886239e-04
4.141634138520130961e-04
4.169053394980989794e-04
4.195930227146908113e-04
4.222260281924506450e-04
4.248004171239376839e-04
4.273181359684578373e-04
4.297764567930736760e-04
4.321738474287848569e-04
4.345111084553178612e-04
4.367855763085781978e-04
4.389980681990213142e-04
4.411459585965938051e-04
4.432300806106780414e-04
4.452478458187288188e-04
4.472001025159593997e-04
4.490842984819463923e-04
4.509012965031395032e-04
4.526497033153897148e-04
4.543270246042434768e-04
4.559341488366829573e-04
4.574697288817189855e-04
4.589324360130673424e-04
4.603231724582754745e-04
4.616406251257525184e-04
4.628856906228671735e-04
4.640581306446739471e-04
4.651577041061636785e-04
4.661841744518696921e-04
4.671362233131025419e-04
4.680157986897522039e-04
4.688215874590372697e-04
4.695533702039157492e-04
4.702098584478414276e-04
4.707919203766413544e-04
4.712982817687479142e-04
4.717287484591032687e-04
4.720841900911861748e-04
4.723633530340865059e-04
4.725671075613348563e-04
4.726952639733584985e-04
4.727486834645259627e-04
4.727261291649159864e-04
4.726274212459039220e-04
4.724544593701483384e-04
4.722070513357571383e-04
4.718839760582173044e-04
4.714871146369719332e-04
4.710162748737861584e-04
4.704712675719977910e-04
4.698529263178488559e-04
4.691620755269886533e-04
4.683975028147685624e-04
4.675600323448530896e-04
4.666504791503575601e-04
4.656676393183326610e-04
4.646133294779235192e-04
4.634863482488930345e-04
4.622884971049818961e-04
4.610215568803193538e-04
4.596853072535320660e-04
4.582824931178983087e-04
4.568118892525650310e-04
4.552762117740720839e-04
4.536771665484920523e-04
4.520135114807627701e-04
4.502869385737199833e-04
4.484981498222625888e-04
4.466488067092846156e-04
4.447386216973786056e-04
4.427673103475410665e-04
4.407384287287696429e-04
4.386507088846029918e-04
4.365057586823632534e-04
4.343051673262150140e-04
4.320495315634903782e-04
4.297393391310438309e-04
4.273769325386095742e-04
4.249618060554058658e-04
4.224962723345404591e-04
4.199807471642937333e-04
4.174175059051500256e-04
4.148050783937555952e-04
4.121475734739533524e-04
4.094444302042846498e-04
4.066969371519901354e-04
4.039063676761443507e-04
4.010730632633339164e-04
3.981991892750959901e-04
3.952850626471763403e-04
3.923309959009645392e-04
3.893382038174245585e-04
3.863078867697814791e-04
3.832421324699586147e-04
3.801412063376243596e-04
3.770080596716818950e-04
3.738429277617686037e-04
3.706487172045506919e-04
3.674265230920645254e-04
3.641774273435767375e-04
3.609024988512806180e-04
3.576036754990924915e-04
3.542811138466295706e-04
3.509375986915807990e-04
3.475723846018540929e-04
3.441882220942990523e-04
3.407852208505296205e-04
3.373660906383477067e-04
3.339300499314355286e-04
3.304806384048427368e-04
3.270187747258840772e-04
3.235445081963057206e-04
3.200604536927649383e-04
3.165674895857920664e-04
3.130673346427539807e-04
3.095616878015429604e-04
3.060513817926875267e-04
3.025380833945646736e-04
2.990234401696994495e-04
2.955090806847464335e-04
2.919957771747948684e-04
2.884851275863064830e-04
2.849778783818238798e-04
2.814755975864908144e-04
2.779798351981108964e-04
2.744912793362656238e-04
2.710113634556785694e-04
2.675406649027693750e-04
2.640805734827087825e-04
2.606332807214775541e-04
2.571993225838078122e-04
2.537808548905679494e-04
2.503775756777139186e-04
2.469924213833979789e-04
2.436258753296240229e-04
2.402792193772351086e-04
2.369529179302354207e-04
2.336482299674697190e-04
2.303656015172037030e-04
2.271070657403320074e-04
2.238730445917545267e-04
2.206631621125794483e-04
2.174802062602801346e-04
2.143253584626257581e-04
2.111990005855139186e-04
2.081022935911540134e-04
2.050371674824096502e-04
2.020039710561781455e-04
1.990038265467895134e-04
1.960378435999468496e-04
1.931071194343815533e-04
1.902119669053379939e-04
1.873534648030152972e-04
1.845319117806513184e-04
1.817491348632779727e-04
1.790046488658630539e-04
1.762994972067194954e-04
1.736347118306321834e-04
1.710105549796200170e-04
1.684272854397859487e-04
1.658859131420922155e-04
1.633866844352747970e-04
1.609305931783286056e-04
1.585186225046130858e-04
1.561509980531277199e-04
1.538294326132261876e-04
1.515548779655179201e-04
1.493282757237282229e-04
1.471498180617468259e-04
1.450211697899508499e-04
1.429417714091005232e-04
1.409118023946948702e-04
1.389314399842743442e-04
1.370008592375469131e-04
1.351202330957037841e-04
1.332890105561039280e-04
1.315066644228858616e-04
1.297755688862657826e-04
1.280944686317820453e-04
1.264657173528083156e-04
1.248887749835994035e-04
1.233645382344010792e-04
1.218938948377681133e-04
1.204770114077451017e-04
1.191140528439682810e-04
1.178051823830878272e-04
1.165491476289152350e-04
1.153468243385238364e-04
1.141976726704228807e-04
1.131011581760972068e-04
1.120581519835611430e-04
1.110681201106463785e-04
1.101312306761977272e-04
1.092469554189552314e-04
1.084168513682030280e-04
1.076396942966228429e-04
1.069163419595797569e-04
1.062462676525818730e-04
1.056296367364620601e-04
1.050659284681630819e-04
1.045553108424988805e-04
1.040965874846702194e-04
1.036899339952785683e-04
1.033348464979443146e-04
1.030315032266718910e-04
1.027787311608597599e-04
1.025767160565760415e-04
1.024256425455295696e-04
1.023250239418442147e-04
1.022743789084991307e-04
1.022738984504585364e-04
1.023231070637763178e-04
1.024215345374816886e-04
1.025680536583093339e-04
1.027622094309457062e-04
1.030028929035448179e-04
1.032896640648763638e-04
1.036214319690024544e-04
1.039971169094280483e-04
1.044169561248952516e-04
1.048805342246725140e-04
1.053880905285823531e-04
1.059385665096933239e-04
1.065322081202055879e-04
1.071686147690175409e-04
1.078480528704706712e-04
1.085682923188442011e-04
1.093290654839117871e-04
1.101288298670282046e-04
1.109666961756932866e-04
1.118417845112869763e-04
1.127519547816055895e-04
1.136976210415208415e-04
1.146772992416445115e-04
1.156914112651949011e-04
1.167391184992890029e-04
1.178195912554683638e-04
1.189338865709460731e-04
1.200805548152613083e-04
1.212594070351813024e-04
1.224696355435151362e-04
1.237104412490606388e-04
1.249804147977263448e-04
1.262787783061085399e-04
1.276053781409948983e-04
1.289582196836836869e-04
1.303365539849970296e-04
1.317390284212369828e-04
1.331655245422087711e-04
1.346147083277835757e-04
1.360852591023404765e-04
1.375758694053823728e-04
1.390858496308620311e-04
1.406145176331352815e-04
1.421605966225227696e-04
1.437234232278956068e-04
1.453029405676314152e-04
1.468972996213050884e-04
1.485070556024398951e-04
1.501309741432427702e-04
1.517678331455855065e-04
1.534176077856994394e-04
1.550790921336767970e-04
1.567505023091584758e-04
1.584318372938727459e-04
1.601219226745815346e-04
1.618195956503007881e-04
1.635242895439743154e-04
1.652336938437240206e-04
1.669484298528076875e-04
1.686662107731041441e-04
1.703865095174403831e-04
1.721082265916209272e-04
1.738296964434579359e-04
1.755509960638081059e-04
1.772699189091373666e-04
1.789866243542900673e-04
1.807001411130077005e-04
1.824095074430900378e-04
1.841137710373039540e-04
1.858131248844818294e-04
1.875054942479756099e-04
1.891905199872950263e-04
1.908684112378774265e-04
1.925376871304894193e-04
1.941974423687268657e-04
1.958473409291526903e-04
1.974870505094200395e-04
1.991151262815653983e-04
2.007312505021769441e-04
2.023351089069501559e-04
2.039247273049656778e-04
2.055003622986009313e-04
2.070606127825978435e-04
2.086051920977431749e-04
2.101327173643100714e-04
2.116429151428944383e-04
2.131355148916945052e-04
2.146097028224694576e-04
2.160641277369085040e-04
2.174990817172193483e-04
2.189132270770737475e-04
2.203068621883429114e-04
2.216786625409006967e-04
2.230278543822977299e-04
2.243542088013117852e-04
2.256569623619471808e-04
2.269358940017805856e-04
2.281891813781724166e-04
2.294171511568592352e-04
2.306185308359891316e-04
2.317936520088684942e-04
2.329417837122215753e-04
2.340622012545572322e-04
2.351536584684296195e-04
2.362170259280619623e-04
2.372510651046447747e-04
2.382550722053703601e-04
2.392293957076974673e-04
2.401733368374662505e-04
2.410867235609717469e-04
2.419683453307401708e-04
2.428190767821004198e-04
2.436382318414844741e-04
2.444251299340078265e-04
2.451790939473934218e-04
2.459004732067384021e-04
2.465885850736615611e-04
2.472432645481435006e-04
2.478638363908761762e-04
2.484501407391389249e-04
2.490020186221301632e-04
2.495198199548841222e-04
2.500028773021228034e-04
2.504520460048107670e-04
2.508661542953939325e-04
2.512460548209295881e-04
2.515915870254521844e-04
2.519020893335073086e-04
2.521784070704716609e-04
2.524193792974255908e-04
2.526253498414272316e-04
2.527961614018254546e-04
2.529316572528511240e-04
2.530311856766431929e-04
2.530960776546279712e-04
2.531251849226821881e-04
2.531188453250546766e-04
2.530778846108810640e-04
2.530011590292049377e-04
2.528899807003353499e-04
2.527432078007142875e-04
2.525621443158105077e-04
2.523466232638485983e-04
2.520959926203377908e-04
2.518120272318503136e-04
2.514935854944846407e-04
2.511419467630047727e-04
2.507564528369729258e-04
2.503374110078461371e-04
2.498851250796949031e-04
2.493998953857461533e-04
2.488810634849968322e-04
2.483298820002103756e-04
2.477452137379956257e-04
2.471278287095331054e-04
2.464784896661254172e-04
2.457965335538752922e-04
2.450831892162005942e-04
2.443387326059068515e-04
2.435634363529298350e-04
2.427571007048556079e-04
2.419204626643668482e-04
2.410542522106457462e-04
2.401582598072406086e-04
2.392327283752623422e-04
2.382778442396890444e-04
2.372937777334838355e-04
2.362806966724599362e-04
2.352387663736067193e-04
2.341690711302430534e-04
2.330726854616919854e-04
2.319506741873027190e-04
2.308040925005030064e-04
2.296344431307797821e-04
2.284418471629457413e-04
2.272277893513504894e-04
2.259919239695710319e-04
2.247343602710240122e-04
2.234543002270643114e-04
2.221523059887917963e-04
2.208271308032608738e-04
2.194788863082848768e-04
2.181081311382645333e-04
2.167145220297600082e-04
2.153004010159292056e-04
2.138658585486821393e-04
2.124123198526904610e-04
2.109407531878384698e-04
2.094525619144701947e-04
2.079482514004416785e-04
2.064283219177573804e-04
2.048932686952600977e-04
2.033435819716208318e-04
2.017793075309368264e-04
2.002013670128920586e-04
1.986097981824068155e-04
1.970050743861359924e-04
1.953876642349441385e-04
1.937589022254104136e-04
1.921192426239272237e-04
1.904695687615987672e-04
1.888107561437778572e-04
1.871436725293286886e-04
1.854683157896912379e-04
1.837859736757334946e-04
1.820957758127364381e-04
1.803985720843801020e-04
1.786943493233902761e-04
1.769826665671200838e-04
1.752647900718777476e-04
1.735398487481122718e-04
1.718091001023176918e-04
1.700742150148272709e-04
1.683360049854958171e-04
1.665956865336725627e-04
1.648535828836255235e-04
1.631116860769442703e-04
1.613707131231437424e-04
1.596309559533571514e-04
1.578927036079847269e-04
1.561566596475110261e-04
1.544231051162431789e-04
1.526923183306844926e-04
1.509649899315549011e-04
1.492413905825798047e-04
1.475222018216818182e-04
1.458072742293391286e-04
1.440976946968376389e-04
1.423937192753635167e-04
1.406956016655124767e-04
1.390040028419475154e-04
1.373195784566463027e-04
1.356425708587898993e-04
1.339736275426769345e-04
1.323129843420334641e-04
1.306616865883321831e-04
1.290199615493624503e-04
1.273884388265927468e-04
1.257677431337688942e-04
1.241580916023806282e-04
1.225596995916325123e-04
1.209735832614288690e-04
1.193999500922234144e-04
1.178390059403747870e-04
1.162917531635005081e-04
1.147579917624220097e-04
1.132383183384959064e-04
1.117333251074787483e-04
1.102432038508753157e-04
1.087681449962155680e-04
1.073083376542627006e-04
1.058647575092613738e-04
1.044375868114699296e-04
1.030266141440442127e-04
1.016328051096582685e-04
1.002563363555190634e-04
9.889777379369624460e-05
9.755728983108792314e-05
9.623544479449645773e-05
9.493240701914541638e-05
9.364873142093726663e-05
9.238419564057100608e-05
9.113973754696124481e-05
8.991513243264973509e-05
8.871015810943541158e-05
8.752574832662179222e-05
8.636206442701419039e-05
8.521926705660678037e-05
8.409713428859281017e-05
8.299620874505203561e-05
8.191664914532213770e-05
8.085861362319380567e-05
7.982263890924930043e-05
7.880850152433351865e-05
7.781673580072463172e-05
7.684674153150490344e-05
7.589942922534143987e-05
7.497495202085126265e-05
7.407271248028331320e-05
7.319361582655544232e-05
7.233706656038983132e-05
7.150359342806789857e-05
7.069334976368211033e-05
6.990574510146644975e-05
6.914167833386925313e-05
6.840056108203589004e-05
6.768254952386152116e-05
6.698816869501226731e-05
6.631683541870061441e-05
6.566870714007165934e-05
6.504394109328753447e-05
6.444269431681548500e-05
6.386475782074201480e-05
6.330992503579240395e-05
6.277835636457008354e-05
6.227021204789481227e-05
6.178528890702865005e-05
6.132338618527598696e-05
6.088430554171369690e-05
6.046821239883367369e-05
6.007491132096231851e-05
5.970420927600813345e-05
5.935591562685566344e-05
5.903020094641018255e-05
5.872651927838487898e-05
5.844504468729543609e-05
5.818559414815238233e-05
5.794798698928354169e-05
5.773204488032374347e-05
5.753759181966359651e-05
5.736445412136297918e-05
5.721246040153604869e-05
5.708108833682570609e-05
5.697017294585806561e-05
5.687991214049634885e-05
5.680983529464332638e-05
5.675983554090194576e-05
5.672980785557605991e-05
5.671894990674043936e-05
5.672786186775299547e-05
5.675574742315415153e-05
5.680286013016367004e-05
5.686841141177215441e-05
5.695265890313675676e-05
5.705516762404651477e-05
5.717550666903151255e-05
5.731359395190030221e-05
5.746934902641592476e-05
5.764200587602597877e-05
5.783183381763534178e-05
5.803807412446289056e-05
5.826065797737693024e-05
5.849951807261125612e-05
5.875356660173065366e-05
5.902342463264960665e-05
5.930835199949006405e-05
5.960795351336141483e-05
5.992217602675659988e-05
6.025062997063900303e-05
6.059259220223982739e-05
6.094801871524634611e-05
6.131686676348369362e-05
6.169842386315924326e-05
6.209231820968420313e-05
6.249818143951091419e-05
6.291598237999536120e-05
6.334502452162848606e-05
6.378528226342159325e-05
6.423573474964319144e-05
6.469669502420202821e-05
6.516748192345742032e-05
6.564775012052001014e-05
6.613715742573022811e-05
6.663536474829721400e-05
6.714170729389936569e-05
6.765618192044511577e-05
6.817845859884501226e-05
6.870755601558541190e-05
6.924347984250916576e-05
6.978591039811280980e-05
7.033453082177858976e-05
7.088837716555646646e-05
7.144779013066217407e-05
7.201181337335216313e-05
7.258047530996808753e-05
7.315319052142385547e-05
7.372938586905998298e-05
7.430945769555632378e-05
7.489219439536359000e-05
7.547799610921904429e-05
7.606566028552854840e-05
7.665591028442993648e-05
7.724755083929931831e-05
7.784066911191419105e-05
7.843471611223860125e-05
7.902946434233655917e-05
7.962468818121890164e-05
8.022016384938867488e-05
8.081503755496089543e-05
8.140940760071935017e-05
8.200274219410903309e-05
8.259482765821033444e-05
8.318513812715367371e-05
8.377346473455441389e-05
8.435928737584893046e-05
8.494271413773301282e-05
8.552291719112247511e-05
8.610000810107122475e-05
8.667347627802414218e-05
8.724312482743271048e-05
8.780844845243662711e-05
8.836956371820462364e-05
8.892596895542942165e-05
8.947747401994700313e-05
9.002358223930020486e-05
9.056441464151625373e-05
9.109886439235908261e-05
9.162736305142816281e-05
9.214942200206636318e-05
9.266486094099242660e-05
9.317289104066098216e-05
9.367394554886126384e-05
9.416723956825227501e-05
9.465259967041075482e-05
9.513015614405186332e-05
9.559943354495039171e-05
9.605995922662408483e-05
9.651186601753464623e-05
9.695438297519916814e-05
9.738794535126395289e-05
9.781178563339338575e-05
9.822603915766951591e-05
9.862994316938088711e-05
9.902363481678274921e-05
9.940725044741242097e-05
9.978003447863038314e-05
1.001421273185591423e-04
1.004936680175695798e-04
1.008342020569372665e-04
1.011635729373107199e-04
1.014816246370662731e-04
1.017887909722019294e-04
1.020840313405072908e-04
1.023680737051817078e-04
1.026401743818176134e-04
1.029001794450332217e-04
1.031482276919160035e-04
1.033844564124245354e-04
1.036081270650452817e-04
1.038193780463193095e-04
1.040183462072744025e-04
1.042048767856987258e-04
1.043788152906825631e-04
1.045402966371109644e-04
1.046888767719571586e-04
1.048246901728301395e-04
1.049475819309056001e-04
1.050576846807124427e-04
1.051551294479266535e-04
1.052394727713830365e-04
1.053111311329765157e-04
1.053696609720747215e-04
1.054149057733815416e-04
1.054475631228132809e-04
1.054666201714010189e-04
1.054727721179243751e-04
1.054658590090770529e-04
1.054454381387185069e-04
1.054119160043919505e-04
1.053651316938831393e-04
1.053054875352179485e-04
1.052325390832589333e-04
1.051466858219897335e-04
1.050480435983834767e-04
1.049364468064925202e-04
1.048122887274829473e-04
1.046756803318368969e-04
1.045261739220431035e-04
1.043641579261473984e-04
1.041897397767096458e-04
1.040027480674021428e-04
1.038035651378210300e-04
1.035917408715039076e-04
1.033679308320779899e-04
1.031316779598202268e-04
1.028838806814046444e-04
1.026240520176234294e-04
1.023522555776152358e-04
1.020691013489453779e-04
1.017743743441103347e-04
1.014681329677330409e-04
1.011507069321313017e-04
1.008218786380943993e-04
1.004819744201847882e-04
1.001310463453891630e-04
9.976914524198478003e-05
9.939632071225861149e-05
9.901289126208616712e-05
9.861917255579915676e-05
9.821493884645761310e-05
9.780104041231519848e-05
9.737697908704848041e-05
9.694359920466072607e-05
9.650066844264646370e-05
9.604848953852985669e-05
9.558736253901724429e-05
9.511731836958795341e-05
9.463865297687630259e-05
9.415112838293392280e-05
9.365530297191483286e-05
9.315120124564086885e-05
9.263884675115853203e-05
9.211879020934495422e-05
9.159105092859239571e-05
9.105591058830060517e-05
9.051338554540250768e-05
8.996375377959282664e-05
8.940755294523246820e-05
8.884453168295442307e-05
8.827522330923864510e-05
8.769963543539012604e-05
8.711829596739357996e-05
8.653094859695443153e-05
8.593837683636048599e-05
8.534006211153158177e-05
8.473704209497438257e-05
8.412879617202771157e-05
8.351609719330546481e-05
8.289868156796458779e-05
8.227705897628519833e-05
8.165122140968437742e-05
8.102141701963213292e-05
8.038814823575523075e-05
7.975165808153002731e-05
7.911192638194842835e-05
7.846942003724737187e-05
7.782408745796227825e-05
7.717689448887399652e-05
7.652727669166549114e-05
7.587594076420067291e-05
7.522308227693608608e-05
7.456838944332418227e-05
7.391256204853657061e-05
7.325579108098771990e-05
7.259801426699037891e-05
7.193942078370706237e-05
7.128044943396735940e-05
7.062103478362922429e-05
6.996161213069086553e-05
6.930236401111456704e-05
6.864347164436936587e-05
6.798486573930228715e-05
6.732722376316556325e-05
6.667072204859701646e-05
6.601503945728891460e-05
6.536109540518943151e-05
6.470856676848911969e-05
6.405787331963962747e-05
6.340918559125295292e-05
6.276291936306502685e-05
6.211875000316207783e-05
6.147733717161195453e-05
6.083860088125530490e-05
6.020295139528520300e-05
5.957006294111574627e-05
5.894058843221047057e-05
5.831444550299710720e-05
5.769179580105269388e-05
5.707304324570797958e-05
5.645834671591482912e-05
5.584786427078357112e-05
5.524175317193497770e-05
5.464016990561341481e-05
5.404351160068747049e-05
5.345169116819425211e-05
5.286510360388527332e-05
5.228366111693823350e-05
5.170751664401038107e-05
5.113706214305630731e-05
5.057196959280150182e-05
5.001286904319925499e-05
4.945967129157053033e-05
4.891252623576637008e-05
4.837158322380767655e-05
4.783699011161830420e-05
4.730889040938381323e-05
4.678718925682117714e-05
4.627226591396599732e-05
4.576426159226650232e-05
4.526331709320759763e-05
4.476910162467872205e-05
4.428222775556404955e-05
4.380236528737918708e-05
4.332989013690160450e-05
4.286470801939180116e-05
4.240719352678365786e-05
4.195725240945043542e-05
4.151502472128506215e-05
4.108041728995997133e-05
4.065380322155482523e-05
4.023508947506434445e-05
3.982441603681853153e-05
3.942192265877714013e-05
3.902751756292495601e-05
3.864134104393967590e-05
3.826353319274085037e-05
3.789377324007414075e-05
3.753266286185837861e-05
3.717988222169569206e-05
3.683557262758078516e-05
3.649964618149941235e-05
3.617224483932825364e-05
3.585328200497849563e-05
3.554290030461224650e-05
3.524124222870716843e-05
3.494822269111164960e-05
3.466375775356924554e-05
3.438776462587215464e-05
3.412061466327381636e-05
3.386199929579522761e-05
3.361183823515331349e-05
3.337050345241473391e-05
3.313791507662927605e-05
3.291376946136746062e-05
3.269821459392701030e-05
3.249117405547717548e-05
3.229257257324194070e-05
3.210255970248245265e-05
3.192106152448157615e-05
3.174800525989079794e-05
3.158331926456590786e-05
3.142693302508843745e-05
3.127899929862314654e-05
3.113922706148541909e-05
3.100777415103866003e-05
3.088436961585575556e-05
3.076919002597298741e-05
3.066219110085034613e-05
3.056310922485025938e-05
3.047212299654189865e-05
3.038919105970727357e-05
3.031383419703435528e-05
3.024645299427865898e-05
3.018700895543894387e-05
3.013502750063656274e-05
3.009069201004144805e-05
3.005396767230508029e-05
3.002460296957824116e-05
3.000278311452439774e-05
2.998825897557183748e-05
2.998078348740432618e-05
2.998076093567182123e-05
2.998751341222396862e-05
3.000144661491568022e-05
3.002210252093486848e-05
3.004967205590117403e-05
3.008370088740198659e-05
3.012459652154479798e-05
3.017169299949041685e-05
3.022539909970934491e-05
3.028526682337807484e-05
3.035106475480818259e-05
3.042320304918476572e-05
3.050102558228263850e-05
3.058494365154368257e-05
3.067430512670079327e-05
3.076931031274001842e-05
3.086973544827696376e-05
3.097557007309728990e-05
3.108638191601824705e-05
3.120237441915087276e-05
3.132332918115986761e-05
3.144902952424793828e-05
3.157947056618817171e-05
3.171422836330930936e-05
3.185351035087888869e-05
3.199710486912718158e-05
3.214459292239567285e-05
3.229618431194940746e-05
3.245167137762946694e-05
3.261063990347739578e-05
3.277330190296182414e-05
3.293924597392899385e-05
3.310847794071492705e-05
3.328080102341325543e-05
3.345603599247896204e-05
3.363421546198689912e-05
3.381495985984647729e-05
3.399850978105461801e-05
3.418428229565169494e-05
3.437251943305100373e-05
3.456305206208467901e-05
3.475550743475921175e-05
3.494992421655662549e-05
3.514613687304127412e-05
3.534418505416741661e-05
3.554370096332542422e-05
3.574452248986845047e-05
3.594689505922351978e-05
3.615045418799823731e-05
3.635504021350518752e-05
3.656049451982326621e-05
3.676686166719448496e-05
3.697378239520478943e-05
3.718130273203478197e-05
3.738946861692177400e-05
3.759772262071550941e-05
3.780611283706722170e-05
3.801448665864093595e-05
3.822289267493318032e-05
3.843117926926716758e-05
3.863899591373767974e-05
3.884639299847860903e-05
3.905322144192845406e-05
3.925933297164386002e-05
3.946477883990433337e-05
3.966901461230035202e-05
3.987229154539274754e-05
4.007446365027233956e-05
4.027518796134252495e-05
4.047432069074374832e-05
4.067211310983988038e-05
4.086802738864173134e-05
4.106231509976588094e-05
4.125463715157785127e-05
4.144504842657412543e-05
4.163321157483863507e-05
4.181937782642182201e-05
4.200301534327819303e-05
4.218418032813542773e-05
4.236292851841220780e-05
4.253912052792667637e-05
4.271242309255472513e-05
4.288289274719802604e-05
4.305039276755088064e-05
4.321479149621333421e-05
4.337615225223173622e-05
4.353434462327142139e-05
4.368904569827214662e-05
4.384051190206061704e-05
4.398861324339641140e-05
4.413302793818361247e-05
4.427401127570801821e-05
4.441124191833608394e-05
4.454478268237043170e-05
4.467450454573400874e-05
4.480046972564485984e-05
4.492254907337599391e-05
4.504061372918463592e-05
4.515453511166254942e-05
4.526456482300591762e-05
4.537038363909628118e-05
4.547186303010094166e-05
4.556925317300033579e-05
4.566204658250961636e-05
4.575068168285590221e-05
4.583484018675109989e-05
4.591439325087749419e-05
4.598958830208799001e-05
4.606029546423343187e-05
4.612638505396824854e-05
4.618810221244483964e-05
4.624512911484510592e-05
4.629752275134510091e-05
4.634533933474123906e-05
4.638863429859177673e-05
4.642709001865687039e-05
4.646094767827598079e-05
4.648988972688857440e-05
4.651415600450408983e-05
4.653361422087324927e-05
4.654813222763646229e-05
4.655794748551499477e-05
4.656292672321079668e-05
4.656312107557112646e-05
4.655839684203833993e-05
4.654880426121212148e-05
4.653439277603940016e-05
4.651502768604645301e-05
4.649094065523542990e-05
4.646199585665674892e-05
4.642824025071368849e-05
4.638972000825316590e-05
4.634629830771030013e-05
4.629820034642609080e-05
4.624527790018950914e-05
4.618738086709365842e-05
4.612490322729448567e-05
4.605751215030337770e-05
4.598541844153156111e-05
4.590847005419053259e-05
4.582669553454896675e-05
4.574012272808617000e-05
4.564895873335802351e-05
4.555340906387246542e-05
4.545313914655538907e-05
4.534835335348443242e-05
4.523925449139144615e-05
4.512586497370467393e-05
4.500802793616094617e-05
4.488576513729020432e-05
4.475927585834811666e-05
4.462840194436437554e-05
4.449351868771549536e-05
4.435411141237099677e-05
4.421073123113930428e-05
4.406321769742670337e-05
4.391158748987876670e-05
4.375603332790583682e-05
4.359674646679645693e-05
4.343338807967109613e-05
4.326632446925523812e-05
4.309556808336997710e-05
4.292095524855716454e-05
4.274284864179121756e-05
4.256108328073298519e-05
4.237584434465961250e-05
4.218714092815373045e-05
4.199480712184925274e-05
4.179920019573636251e-05
4.160050115547442751e-05
4.139836811782220745e-05
4.119315498329609776e-05
4.098504006431049289e-05
4.077402715887603203e-05
4.056011962473671608e-05
4.034349318501139452e-05
4.012432230225179952e-05
3.990243544067956520e-05
3.967783367317010909e-05
3.945103355833297766e-05
3.922169003004021004e-05
3.898997395089659875e-05
3.875588366587218278e-05
3.851975665994328095e-05
3.828157553809578709e-05
3.804131989353848125e-05
3.779896909569491973e-05
3.755484290007167356e-05
3.730891902658566370e-05
3.706134489625070882e-05
3.681192756513973144e-05
3.656098318166600691e-05
3.630865682973900084e-05
3.605475449323126280e-05
3.579958944666341599e-05
3.554313588925833012e-05
3.528553637797134064e-05
3.502676430515939743e-05
3.476679298101130494e-05
3.450609921631474767e-05
3.424431906532818048e-05
3.398159251071435305e-05
3.371822595011825984e-05
3.345402298968561014e-05
3.318928858895613473e-05
3.292399279745510934e-05
3.265827213282056874e-05
3.239226233939190662e-05
3.212609840181041254e-05
3.185991455854961360e-05
3.159351298626964053e-05
3.132719312205433200e-05
3.106108763480608192e-05
3.079499835063639711e-05
3.052922261658849197e-05
3.026372695964817046e-05
2.999847803091009978e-05
2.973377119776359623e-05
2.946957221911493814e-05
2.920584701022609938e-05
2.894288906810383444e-05
2.868049997147697282e-05
2.841913554436057316e-05
2.815859697728041153e-05
2.789901231180869572e-05
2.764034629375108993e-05
2.738288899781249160e-05
2.712660448284909842e-05
2.687129488842086251e-05
2.661741128206400133e-05
2.636475556206229750e-05
2.611345385701447977e-05
2.586379322481994781e-05
2.561541350753564794e-05
2.536875700073870673e-05
2.512394126708253659e-05
2.488060152176927974e-05
2.463933761506025317e-05
2.439978511979566173e-05
2.416206174764599785e-05
2.392644474388260870e-05
2.369273111957254354e-05
2.346119760935554298e-05
2.323164185329006277e-05
2.300418095849482021e-05
2.277893171319312677e-05
2.255585181550340070e-05
2.233505799887363331e-05
2.211666670339114326e-05
2.190063585823461654e-05
2.168692385297994889e-05
2.147564740127069156e-05
2.126676527851037787e-05
2.106055172122014396e-05
2.085680805808564196e-05
2.065580821769778588e-05
2.045735433040671826e-05
2.026156327933280898e-05
2.006839514248167752e-05
1.987812330495940811e-05
1.969039533990901936e-05
1.950564097438214637e-05
1.932366485687829667e-05
1.914442855895016310e-05
1.896804967619918457e-05
1.879464561472502472e-05
1.862402331629859202e-05
1.845630089544014307e-05
1.829159628801841069e-05
1.812987265095901361e-05
1.797109368232465199e-05
1.781537787155192457e-05
1.766268946976152086e-05
1.751299327298723048e-05
1.736640834109484053e-05
1.722274648912870904e-05
1.708228088213863707e-05
1.694482425204059262e-05
1.681049661062713601e-05
1.667911213378916956e-05
1.655094423897757763e-05
1.642580801757864050e-05
1.630367211975505072e-05
1.618465898364306423e-05
1.606874332606924815e-05
1.595590147952261759e-05
1.584611028473168509e-05
1.573949853914501768e-05
1.563589229862068827e-05
1.553542102299254111e-05
1.543791211602335729e-05
1.534358614912184271e-05
1.525228661364420762e-05
1.516402357320174955e-05
1.507880744481330563e-05
1.499661898061100250e-05
1.491743941728565746e-05
1.484128042083519250e-05
1.476812408573157656e-05
1.469793804141625799e-05
1.463073522611380146e-05
1.456648419198784554e-05
1.450516891261543417e-05
1.444677382223638616e-05
1.439125410007715762e-05
1.433859519064763287e-05
1.428878298706126135e-05
1.424178902118890830e-05
1.419760012101851036e-05
1.415617400553602164e-05
1.411748371403699580e-05
1.408150277894997657e-05
1.404820522102589952e-05
1.401755083822656016e-05
1.398952935232807727e-05
1.396410154589139105e-05
1.394121407853698084e-05
1.392085812496683233e-05
1.390298137919538003e-05
1.388754672523262617e-05
1.387453214922992745e-05
1.386388692688907686e-05
1.385557545653291148e-05
1.384957717130207378e-05
1.384581382031369718e-05
1.384426586684012307e-05
1.384487070016331749e-05
1.384762421548981337e-05
1.385245032937185981e-05
1.385931693984931840e-05
1.386816353004035784e-05
1.387897338849971645e-05
1.389167257888595471e-05
1.390623279277913340e-05
1.392261923359874737e-05
1.394078504900611884e-05
1.396069819549399250e-05
1.398231271495658152e-05
1.400559740965049380e-05
1.403050718214268500e-05
1.405699737619544952e-05
1.408503802255086184e-05
1.411458527359216304e-05
1.414559569633838986e-05
1.417801205592412039e-05
1.421182015194374290e-05
1.424696351751851951e-05
1.428340028691181391e-05
1.432108896310077561e-05
1.435998840846025995e-05
1.440005783542448636e-05
1.444124269879115630e-05
1.448350292951305150e-05
1.452672844338851297e-05
1.457104866089711444e-05
1.461629779762115942e-05
1.466235298149461220e-05
1.470923205170841435e-05
1.475709278144376193e-05
1.480553334530564517e-05
1.485471216228107869e-05
1.490464759672877006e-05
1.495521871464367420e-05
1.500630517832565764e-05
1.505792622650554941e-05
1.510996222915945338e-05
1.516257149877767709e-05
1.521549608851432396e-05
1.526875597716992593e-05
1.532237108171611941e-05
1.537622316591337460e-05
1.543033245291186556e-05
1.548458129781962568e-05
1.553899019924535868e-05
1.559330458690770567e-05
1.564782032568194989e-05
1.570228322621783181e-05
1.575657721155654604e-05
1.581086045522340570e-05
1.586501692190386506e-05
1.591893103258589870e-05
1.597262410370752837e-05
1.602598100351208327e-05
1.607902412986085598e-05
1.613164347665106468e-05
1.618400209681193736e-05
1.623571941336733813e-05
1.628709423486614490e-05
1.633788231492168185e-05
1.638824618656718819e-05
1.643794219885878443e-05
1.648699761075139391e-05
1.653543945517374147e-05
1.658329453489013674e-05
1.663032032088288431e-05
1.667667841394584048e-05
1.672239533296849978e-05
1.676709500006417166e-05
1.681107267321059118e-05
1.685422071538918729e-05
1.689643180156620868e-05
1.693773245557155766e-05
1.697814892987470472e-05
1.701757394394598201e-05
1.705603362288421858e-05
1.709355380755827090e-05
1.712989438761928883e-05
1.716521416374145476e-05
1.719940597556907590e-05
1.723262774158586868e-05
1.726463971129429186e-05
1.729546720339916383e-05
1.732526720752285661e-05
1.735366845406924208e-05
1.738095955877431956e-05
1.740703299559709713e-05
1.743191289406860321e-05
1.745536047817906677e-05
1.747753119005410657e-05
1.749844856583098498e-05
1.751800492835786286e-05
1.753622353863240111e-05
1.755312730676371569e-05
1.756860833465026780e-05
1.758268923625147873e-05
1.759539226576834986e-05
1.760673931544272540e-05
1.761675191353044421e-05
1.762532145476610376e-05
1.763246914431731722e-05
1.763808632269675563e-05
1.764232322041421733e-05
1.764507070577523058e-05
1.764634839400047766e-05
1.764604454117239303e-05
1.764443351705483387e-05
1.764114484648513368e-05
1.763645203693137340e-05
1.763024192255985110e-05
1.762252978943813775e-05
1.761333056132714000e-05
1.760265880073516497e-05
1.759040083740725824e-05
1.757657091673557140e-05
1.756131053168018702e-05
1.754450534159165856e-05
1.752616852489682808e-05
1.750631290872085407e-05
1.748482389812619007e-05
1.746196790501524214e-05
1.743750270447970693e-05
1.741169349593490616e-05
1.738429790775743451e-05
1.735545352902193009e-05
1.732504452965225793e-05
1.729333372987800380e-05
1.726020452139813272e-05
1.722554050316189652e-05
1.718947699862438029e-05
1.715202287190563060e-05
1.711318668221147499e-05
1.707285132127360643e-05
1.703115037791009579e-05
1.698809152184355088e-05
1.694380711312465292e-05
1.689805416560732231e-05
1.685096460670785002e-05
1.680254498196463931e-05
1.675280156670335403e-05
1.670186470400569629e-05
1.664961555135444516e-05
1.659618367687992418e-05
1.654144998477947252e-05
1.648554328547983502e-05
1.642846793975546887e-05
1.637022806809554124e-05
1.631082755454882184e-05
1.625027005049794321e-05
1.618855897836420760e-05
1.612582059536528137e-05
1.606193456416454539e-05
1.599702645020365332e-05
1.593097573684497772e-05
1.586390610847491738e-05
1.579581330312645535e-05
1.572681398383881285e-05
1.565690196214227029e-05
1.558594882779001272e-05
1.551407036728033573e-05
1.544138170762211765e-05
1.536787563976587968e-05
1.529354480202781898e-05
1.521826024980829195e-05
1.514225731673234089e-05
1.506552783147757566e-05
1.498794242177146293e-05
1.490961395250711370e-05
1.483053384770138160e-05
1.475081409754836074e-05
1.467032493599988713e-05
1.458929831379363211e-05
1.450748378280146284e-05
1.442523278304001764e-05
1.434241485552610094e-05
1.425901988928972404e-05
1.417503767748058193e-05
1.409057763973604211e-05
1.400562902839821565e-05
1.392030049125153292e-05
1.383446140883635529e-05
1.374810080992025767e-05
1.366156500016481978e-05
1.357448482410955716e-05
1.348720575761125607e-05
1.339959677805625438e-05
1.331164593831107046e-05
1.322357828756448861e-05
1.313526271032580772e-05
1.304668682632905136e-05
1.295807455685482745e-05
1.286929475420443563e-05
1.278045258714047526e-05
1.269141715835844225e-05
1.260241110782723481e-05
1.251330346017825762e-05
1.242419863577233206e-05
1.233520062075591189e-05
1.224617855315314290e-05
1.215711918618219336e-05
1.206824328336213487e-05
1.197953701654009600e-05
1.189086988681998567e-05
1.180234519186627307e-05
1.171406510986698964e-05
1.162601211107329857e-05
1.153816804188264849e-05
1.145051486789574129e-05
1.136326676932075630e-05
1.127617341253482024e-05
1.118944877981467035e-05
1.110307467207955849e-05
1.101703303503836997e-05
1.093142143186215798e-05
1.084610641143162160e-05
1.076118561674383543e-05
1.067664126762575604e-05
1.059257075795490062e-05
1.050895629505571111e-05
1.042589503868794448e-05
1.034325452826958766e-05
1.026113204334030584e-05
1.017962458604223386e-05
1.009860022748661730e-05
1.001827031894134708e-05
9.938434721150684258e-06
9.859270367705501751e-06
9.780737244429868598e-06
9.702841119998717342e-06
9.625610591350020051e-06
9.549051556401530680e-06
9.473181355735229271e-06
9.398006054174680849e-06
9.323554459043795892e-06
9.249844081324957483e-06
9.176869894049249484e-06
9.104672167067759869e-06
9.033257313378766060e-06
8.962643116353546978e-06
8.892824913445020800e-06
8.823809436181011831e-06
8.755625987556290589e-06
8.688270228715283216e-06
8.621760394379900509e-06
8.556092388599506244e-06
8.491284647312665504e-06
8.427355676155032999e-06
8.364312886045326487e-06
8.302163804567970628e-06
8.240916077641756982e-06
8.180577471305636790e-06
8.121178118512531048e-06
8.062703743056511953e-06
8.005173584034616462e-06
7.948573890695147611e-06
7.892914065780758491e-06
7.838214904061709357e-06
7.784464115370903152e-06
7.731671722736012061e-06
7.679836848984826977e-06
7.628980849027186814e-06
7.579092131978027792e-06
7.530170340120264178e-06
7.482237291041581671e-06
7.435281960319741790e-06
7.389315503660635447e-06
7.344327307317567250e-06
7.300339850101678405e-06
7.257331965406080907e-06
7.215315561778608981e-06
7.174291789917559279e-06
7.134251097111243786e-06
7.095195076979785653e-06
7.057136417802668770e-06
7.020055343521140651e-06
6.983954103613083738e-06
6.948824300797461108e-06
6.914679479640011151e-06
6.881511681952973489e-06
6.849302375327099184e-06
6.818065760693176490e-06
6.787783792758966205e-06
6.758471094443011922e-06
6.730099318791584914e-06
6.702683534902774482e-06
6.676217444962124279e-06
6.650684237007295506e-06
6.626099599837300429e-06
6.602425714784624816e-06
6.579678719598326569e-06
6.557842761569877547e-06
6.536902249027790352e-06
6.516863227384908643e-06
6.497710552177061873e-06
6.479439996041070923e-06
6.462036873506983476e-06
6.445486736320221347e-06
6.429786007417624089e-06
6.414931295665074920e-06
6.400898152582820564e-06
6.387683603590875548e-06
6.375284843731621262e-06
6.363667466297889721e-06
6.352839658592216689e-06
6.342789325155321061e-06
6.333486401539719777e-06
6.324944005882428402e-06
6.317154259840375733e-06
6.310098912266529314e-06
6.303759902642350953e-06
6.298150881409266116e-06
6.293243566638438387e-06
6.289030869927080430e-06
6.285505835453131597e-06
6.282661636021113318e-06
6.280481110610425018e-06
6.278957708025300710e-06
6.278074556200534737e-06
6.277814937616408460e-06
6.278172705631553556e-06
6.279141823238562951e-06
6.280695561646745393e-06
6.282828155373757493e-06
6.285523562288881356e-06
6.288776251270039366e-06
6.292560070578695348e-06
6.296880097447858424e-06
6.301700104240622269e-06
6.307015070515304943e-06
6.312820071710221460e-06
6.319089654934676441e-06
6.325808841494841573e-06
6.332962785324202042e-06
6.340536772365536738e-06
6.348516219968761682e-06
6.356896939749666596e-06
6.365644073449738690e-06
6.374763946164378406e-06
6.384221996225474628e-06
6.394004316594705313e-06
6.404107342412204319e-06
6.414517390148774492e-06
6.425200507664105331e-06
6.436163689280367261e-06
6.447373264469201080e-06
6.458826261294336507e-06
6.470489311250918272e-06
6.482369831490584873e-06
6.494434716889018850e-06
6.506661176319156598e-06
6.519056923114886141e-06
6.531589251865455424e-06
6.544245833536300272e-06
6.557014432387410754e-06
6.569873372425831365e-06
6.582813384292746606e-06
6.595815756076850877e-06
6.608871929830694186e-06
6.621983449412294848e-06
6.635111726838093131e-06
6.648268465558902624e-06
6.661435280246387852e-06
6.674603863754318993e-06
6.687745936908873257e-06
6.700863284204366059e-06
6.713947685824951086e-06
6.726980957391139896e-06
6.739944951737180133e-06
6.752831505315711413e-06
6.765632441814267504e-06
6.778329631075649770e-06
6.790924805178318803e-06
6.803389878795702615e-06
6.815736431038242202e-06
6.827936332008024330e-06
6.840001031731109479e-06
6.851902333346806931e-06
6.863641665773642275e-06
6.875200633849839076e-06
6.886570662692792419e-06
6.897752948232867405e-06
6.908719069850072159e-06
6.919470075981838626e-06
6.929987262839322716e-06
6.940261684641507805e-06
6.950284307762313674e-06
6.960055798544799342e-06
6.969557135112492948e-06
6.978779011106756842e-06
6.987721790272390213e-06
6.996366200059058360e-06
7.004712400770696769e-06
7.012740952798893636e-06
7.020461542239660768e-06
7.027835102603215716e-06
7.034880841681435081e-06
7.041569271218672220e-06
7.047899964065617288e-06
7.053862692187683131e-06
7.059447147383855580e-06
7.064652609174216706e-06
7.069468590604784510e-06
7.073894180523684689e-06
7.077918724762157046e-06
7.081541102049127172e-06
7.084750346673201034e-06
7.087545014875977260e-06
7.089913967441563391e-06
7.091855606657070483e-06
7.093368248831241441e-06
7.094430971015648942e-06
7.095041977034654614e-06
7.095199391622505974e-06
7.094901262311897181e-06
7.094145561056164185e-06
7.092930185565009949e-06
7.091233908221592018e-06
7.089083085006281566e-06
7.086456352240403936e-06
7.083351343458271100e-06
7.079775111496731875e-06
7.075725118752993368e-06
7.071198753666816715e-06
7.066202795502512751e-06
7.060724997396463882e-06
7.054771965858993518e-06
7.048350192303723875e-06
7.041447186469876176e-06
7.034059829300947409e-06
7.026203742625163657e-06
7.017856761255826323e-06
7.009034284599104285e-06
6.999732765347904632e-06
6.989948552998765058e-06
6.979687263073154342e-06
6.968954366717774402e-06
6.957745830766332641e-06
6.946085547292966313e-06
6.933959828062397090e-06
6.921392217309791669e-06
6.908368738993815811e-06
6.894912576119529615e-06
6.881000145837532471e-06
6.866663580881292322e-06
6.851879003338197126e-06
6.836659584043745065e-06
6.821018283046314849e-06
6.804940054114249164e-06
6.788428250032205752e-06
6.771504539422686316e-06
6.754171864266973841e-06
6.736423754433386080e-06
6.718272040304626844e-06
6.699719125806312914e-06
6.680776002494029883e-06
6.661433287506108558e-06
6.641699406532340770e-06
6.621582593876807969e-06
6.601063372473230432e-06
6.580158845281581506e-06
6.558867587220231375e-06
6.537188031913373579e-06
6.515127619203841886e-06
6.492693626416554780e-06
6.469884048574114944e-06
6.446724116832554045e-06
6.423220635051315130e-06
6.399362067423717880e-06
6.375173188612695466e-06
6.350642244382124676e-06
6.325793741363524219e-06
6.300615736374857592e-06
6.275123436140417053e-06
6.249322869740910184e-06
6.223201890120608869e-06
6.196775450083978444e-06
6.170058400240136687e-06
6.143038430095975773e-06
6.115748305830843553e-06
6.088184623501966356e-06
6.060343966239680522e-06
6.032258870932005515e-06
6.003916833860127856e-06
5.975332308975643974e-06
5.946501760660370790e-06
5.917448540309946914e-06
5.888169066073641075e-06
5.858668715979802432e-06
5.828952855735012192e-06
5.799035768044342201e-06
5.768931695200417561e-06
5.738628104268760041e-06
5.708165941298872028e-06
5.677532641567426938e-06
5.646751248024879956e-06
5.615826969919364881e-06
5.584782751213606554e-06
5.553614864520428259e-06
5.522328455341622825e-06
5.490946350663131102e-06
5.459464767887024528e-06
5.427897599839328783e-06
5.396249853903437294e-06
5.364535325250070571e-06
5.332749727692258282e-06
5.300922414569480293e-06
5.269038238720544543e-06
5.237117230376895189e-06
5.205170536044055455e-06
5.173191679878879552e-06
5.141200465188975908e-06
5.109199066562740669e-06
5.077189604194221528e-06
5.045191627358883420e-06
5.013198359460331279e-06
4.981229177056584464e-06
4.949277173274471161e-06
4.917370259787608007e-06
4.885492668380433140e-06
4.853663419152426306e-06
4.821892719645209458e-06
4.790173321014258524e-06
4.758515295930881111e-06
4.726928630524944748e-06
4.695414567116620322e-06
4.663991603781142123e-06
4.632652196797815615e-06
4.601414705027731841e-06
4.570280130705496939e-06
4.539266692079127045e-06
4.508366676720274184e-06
4.477606817681744392e-06
4.446970743949070994e-06
4.416485108308975344e-06
4.386133548440134798e-06
4.355934088722450569e-06
4.325879000638093219e-06
4.295986306261767185e-06
4.266256892417415331e-06
4.236683141987208604e-06
4.207291689786568521e-06
4.178066470755912944e-06
4.149025659067091374e-06
4.120178928701397240e-06
4.091518984724314774e-06
4.063055666509685151e-06
4.034798885137453943e-06
4.006741647636851981e-06
3.978902555733969492e-06
3.951266365509486546e-06
3.923851893641070651e-06
3.896652641071417524e-06
3.869679180900362832e-06
3.842942193718497538e-06
3.816435540369981624e-06
3.790161491695646462e-06
3.764139265922823883e-06
3.738362909625323016e-06
3.712835053374382045e-06
3.687575279968053485e-06
3.662569664261891951e-06
3.637838039313700084e-06
3.613366781850286492e-06
3.589167586491340336e-06
3.565235507646482996e-06
3.541590837303008047e-06
3.518220506391068862e-06
3.495128309615332899e-06
3.472326487151052477e-06
3.449819014395507775e-06
3.427593303058753560e-06
3.405670184317325761e-06
3.384045569468454263e-06
3.362723771574982004e-06
3.341709163529163517e-06
3.320997878206050271e-06
3.300594405661784865e-06
3.280511550507091040e-06
3.260729034208220649e-06
3.241268004237267664e-06
3.222124795806108848e-06
3.203295780350779043e-06
3.184785602678662762e-06
3.166598904324231230e-06
3.148723859619499427e-06
3.131173353077477243e-06
3.113943793701621416e-06
3.097039807126138703e-06
3.080449593061714382e-06
3.064177772350167309e-06
3.048228940912391960e-06
3.032599488258850972e-06
3.017293981168449419e-06
3.002300627917747369e-06
2.987623991750928469e-06
2.973268617401112406e-06
2.959222740329081496e-06
2.945490920336057882e-06
2.932069577677976100e-06
2.918947032484180181e-06
2.906136024543783113e-06
2.893624938898227789e-06
2.881410340182088665e-06
2.869488846432605770e-06
2.857857383897948394e-06
2.846513934701340441e-06
2.835456800777577721e-06
2.824684364640555816e-06
2.814203163787361831e-06
2.803995628061229032e-06
2.794068504339290645e-06
2.784412534198885364e-06
2.775026646433959117e-06
2.765917931039954114e-06
2.757069509015078533e-06
2.748480735347072727e-06
2.740159125689874768e-06
2.732088304360715747e-06
2.724276104984072756e-06
2.716714510996008765e-06
2.709403683538769462e-06
2.702335971528258542e-06
2.695519865049319578e-06
2.688932131582713330e-06
2.682589585700909353e-06
2.676477344034185928e-06
2.670596634594183201e-06
2.664940907512603952e-06
2.659519664450967839e-06
2.654310825829578488e-06
2.649324219775677688e-06
2.644553960685076348e-06
2.640002229307253646e-06
2.635655528822635918e-06
2.631516318649407699e-06
2.627587163627612627e-06
2.623854960615275918e-06
2.620322492463102123e-06
2.616992614676392009e-06
2.613852519426015540e-06
2.610897354987898970e-06
2.608138030334761140e-06
2.605554081590015479e-06
2.603156479126412584e-06
2.600932676991011505e-06
2.598885814622600777e-06
2.597003372187658698e-06
2.595288465876632445e-06
2.593744163996827386e-06
2.592350082386214336e-06
2.591117011139603352e-06
2.590032281042035573e-06
2.589090965883762478e-06
2.588295842752982446e-06
2.587634326794047450e-06
2.587102622538534396e-06
2.586704867843312905e-06
2.586437331311453933e-06
2.586288440931988352e-06
2.586254282917766640e-06
2.586338569361763703e-06
2.586529441004690125e-06
2.586830394531993320e-06
2.587229384338661404e-06
2.587729701698340415e-06
2.588319128859684859e-06
2.588993079366877177e-06
2.589754573337108556e-06
2.590591178997291719e-06
2.591498099361952078e-06
2.592470484301329253e-06
2.593511099857783864e-06
2.594599693963745356e-06
2.595746630664974165e-06
2.596931649338333759e-06
2.598157443813001554e-06
2.599419066726793198e-06
2.600703972261351536e-06
2.602014907779027005e-06
2.603347033385034455e-06
2.604687964192772190e-06
2.606033007970004025e-06
2.607385145127441633e-06
2.608732251269051016e-06
2.610077486115104653e-06
2.611408947338454091e-06
2.612730008949509957e-06
2.614029022278918117e-06
2.615302048426459480e-06
2.616552832750774075e-06
2.617762606202698624e-06
2.618942937756458693e-06
2.620082898154741191e-06
2.621171725512572058e-06
2.622221380602075374e-06
2.623221377048887009e-06
2.624168895213087801e-06
2.625068746993722528e-06
2.625903360470955441e-06
2.626685283693680027e-06
2.627404676608923996e-06
2.628066774935192823e-06
2.628654465374041088e-06
2.629180616919785189e-06
