0.000000000000000000e+00
0.000000000000000000e+00
1.045839002481272473e+03
4.927990024713690218e+02
2.788506099400971152e+02
1.773073955979251082e+02
1.222742761879812292e+02
8.950589865082079655e+01
6.852462129142362812e+01
5.433063084700952317e+01
4.429569729448267168e+01
3.692006145574186604e+01
3.137937414465111985e+01
2.706329066510253512e+01
2.363961749050294969e+01
2.085478507045072405e+01
1.859505375413180062e+01
1.673576178183271779e+01
1.516918330848254115e+01
1.384979888433071160e+01
1.270558276334872616e+01
1.171531326758409541e+01
1.085260589791456098e+01
1.009178756579248670e+01
9.420270692870586160e+00
8.825781903183289145e+00
8.292582973933116719e+00
7.815616235791211786e+00
7.385851512174634870e+00
6.996670306133261796e+00
6.644410983884900368e+00
6.320686998775560284e+00
6.027094253309768668e+00
5.757053398999403271e+00
5.507873442869702707e+00
5.280286927582294787e+00
5.067682033281053933e+00
4.870955579342576058e+00
4.688922504431574545e+00
4.519750965070555182e+00
4.361941167264346220e+00
4.214167239710887358e+00
4.075577753538474290e+00
3.945441633185466479e+00
3.823219973883726031e+00
3.708463685599026949e+00
3.600468576421250511e+00
3.498643463206903448e+00
3.402432937189262763e+00
3.311378335996281841e+00
3.225231253500438822e+00
3.143767133099621081e+00
3.066520545436665746e+00
2.993034759321852256e+00
2.923012441022847518e+00
2.856214386974270880e+00
2.792651717137209388e+00
2.732306168039161154e+00
2.674887559142165028e+00
2.620054385342146297e+00
2.567615102013972805e+00
2.517439674195691257e+00
2.469402268572370218e+00
2.423405099046890943e+00
2.379333805924925827e+00
2.337114821127691311e+00
2.296695103099036128e+00
2.257945433495181398e+00
2.220723176107697316e+00
2.184888181504394122e+00
2.150331184040385146e+00
2.116960726719503860e+00
2.084851504057360305e+00
2.054067305123914888e+00
2.024544650788362432e+00
1.996215764577604412e+00
1.968968453780345795e+00
1.942617976219883413e+00
1.917108842503819410e+00
1.892448488993647482e+00
1.868620450511464970e+00
1.845610418426233190e+00
1.823391558610384156e+00
1.801906697647419842e+00
1.781122323894050563e+00
1.761000452998457755e+00
1.741509058795185361e+00
1.722595439653191063e+00
1.704220053191397133e+00
1.686369314212804005e+00
1.669024344595707587e+00
1.652172420661859320e+00
1.635794534154136226e+00
1.619882998949299990e+00
1.604414459842451013e+00
1.589382248039781453e+00
1.574764637862466454e+00
1.560546036919894686e+00
1.546716411409585046e+00
1.533247189212853856e+00
1.520134705691529975e+00
1.507361572884033496e+00
1.494915789157283736e+00
1.482777182334859889e+00
1.470935306417735289e+00
1.459375979749595986e+00
1.448085767672829371e+00
1.437051937889705089e+00
1.426258454023255462e+00
1.415701868077841707e+00
1.405367277110783242e+00
1.395244332999864278e+00
1.385326757409291121e+00
1.375604858098195882e+00
1.366069429423372394e+00
1.356711724885424575e+00
1.347526870384209374e+00
1.338506787318214597e+00
1.329640468776227769e+00
1.320924040241855613e+00
1.312350541939988791e+00
1.303913348690727503e+00
1.295603041616891105e+00
1.287416822610376377e+00
1.279348963180136023e+00
1.271391040554182172e+00
1.263540907194655505e+00
1.255790726222784315e+00
1.248135895003606555e+00
1.240574805697105543e+00
1.233100400023761756e+00
1.225706070295586869e+00
1.218393869174817734e+00
1.211155282603759487e+00
1.203989986768767118e+00
1.196892544462997643e+00
1.189862798808843491e+00
1.182895621501576233e+00
1.175988570263165389e+00
1.169136905394986270e+00
1.162343212909776158e+00
1.155600575557091947e+00
1.148907025980392849e+00
1.142262943134410902e+00
1.135661951069802056e+00
1.129104609534953729e+00
1.122582725145500504e+00
1.116094959614970072e+00
1.109637911034442093e+00
1.103208340992523073e+00
1.096803166789834805e+00
1.090417365817455631e+00
1.084053977842186489e+00
1.077709879408156324e+00
1.071386008192609207e+00
1.065081314509904953e+00
1.058798604172509039e+00
1.052533006052152498e+00
1.046287315749628188e+00
1.040058677669062348e+00
1.033846181341564252e+00
1.027645375065872946e+00
1.021455554030729962e+00
1.015276043214557777e+00
1.009102746462834821e+00
1.002936873285829922e+00
9.967762059405791408e-01
9.906202933422217916e-01
9.844687041823430018e-01
9.783210260722255969e-01
9.721768647230487614e-01
9.660342562681780709e-01
9.598960324303866809e-01
9.537586925728416265e-01
9.476219604573605793e-01
9.414870879119636715e-01
9.353522997551957374e-01
9.292174840461756569e-01
9.230810946270966433e-01
9.169445516125347417e-01
9.108077806662966402e-01
9.046692942240585067e-01
8.985304728158629572e-01
8.923912516628045299e-01
8.862501979625796444e-01
8.801086536469970856e-01
8.739652202275350890e-01
8.678212142402184082e-01
8.616765836508600840e-01
8.555299791273438537e-01
8.493826803600136310e-01
8.432346416454856719e-01
8.370845598489045081e-01
8.309324323458207040e-01
8.247807247761537175e-01
8.186281391721983436e-01
8.124758476515463457e-01
8.063249751644883112e-01
8.001766012598254818e-01
7.940282436639424235e-01
7.878833232419455435e-01
7.817404986809269873e-01
7.755995060601418301e-01
7.694578091168495781e-01
7.633174341864287227e-01
7.571748028858821256e-01
7.510319474040655363e-01
7.448875702456939640e-01
7.387414972177338557e-01
7.325988782365616681e-01
7.264583482975438544e-01
7.203217231572656143e-01
7.141917833972506457e-01
7.080691567027174171e-01
7.019554600759577712e-01
6.958512437117584382e-01
6.897550437118702416e-01
6.836674207894439803e-01
6.775889131990447956e-01
6.715190688000794994e-01
6.654574496296088437e-01
6.594055340997267978e-01
6.533619173037857886e-01
6.473280453784956423e-01
6.413053111591685562e-01
6.352941381053052172e-01
6.292940224662788573e-01
6.233062791965335858e-01
6.173312809512218058e-01
6.113702708640894601e-01
6.054226892801838344e-01
5.994897346282022088e-01
5.935725613049647187e-01
5.876705690072062671e-01
5.817840232745147278e-01
5.759148605837632884e-01
5.700616109077621951e-01
5.642269872872347491e-01
5.584103264924296095e-01
5.526126109283673316e-01
5.468339797313289674e-01
5.410745635387478325e-01
5.353360721545179501e-01
5.296185810330710231e-01
5.239221589136525692e-01
5.182484168706390504e-01
5.125981414108777834e-01
5.069705652327300971e-01
5.013679643040493961e-01
4.957895381324228801e-01
4.902367382171663457e-01
4.847087385355402511e-01
4.792061467990856305e-01
4.737288076615066013e-01
4.682780069327324157e-01
4.628521254526760664e-01
4.574524270227040557e-01
4.520794275681325192e-01
4.467343205778425141e-01
4.414175646678794029e-01
4.361309747561615824e-01
4.308742574323364272e-01
4.256491547057155711e-01
4.204560058738451289e-01
4.152951342471707941e-01
4.101661855162400672e-01
4.050694673805696477e-01
4.000059249431714425e-01
3.949751746727422907e-01
3.899768385977940288e-01
3.850111820877717972e-01
3.800797234957189463e-01
3.751814168860090337e-01
3.703183608896563617e-01
3.654894903860388400e-01
3.606956100793394238e-01
3.559381062883194558e-01
3.512165014052117118e-01
3.465309273941417079e-01
3.418821041524777171e-01
3.372707253551778805e-01
3.326962812092466582e-01
3.281594401739588163e-01
3.236608461690316241e-01
3.191999659901210151e-01
3.147774207727569440e-01
3.103932400436847927e-01
3.060485761454930786e-01
3.017428615566411509e-01
2.974760955279803221e-01
2.932493778215989333e-01
2.890626738981015298e-01
2.849153989152925504e-01
2.808080619302554259e-01
2.767411526611152639e-01
2.727140730035530480e-01
2.687272972075042121e-01
2.647802266292113571e-01
2.608738446277584222e-01
2.570080623125713948e-01
2.531827876982333247e-01
2.493984369472431739e-01
2.456554006105072518e-01
2.419535445752448166e-01
2.382932362338991139e-01
2.346748280286130584e-01
2.310976641866958892e-01
2.275625814223760646e-01
2.240694086989775125e-01
2.206179740581939164e-01
2.172076205632676449e-01
2.138396269404941596e-01
2.105128444062242532e-01
2.072280477710990720e-01
2.039850433163069576e-01
2.007831681748518116e-01
1.976231689055504281e-01
1.945048422703200275e-01
1.914284451615660132e-01
1.883933085763666304e-01
1.853992295381080846e-01
1.824473598585558132e-01
1.795361253901412435e-01
1.766666618101929431e-01
1.738378558408089358e-01
1.710503787483595717e-01
1.683035671560116908e-01
1.655976394145176056e-01
1.629323713738862756e-01
1.603075396459274771e-01
1.577233489191370575e-01
1.551791449355315045e-01
1.526751289387174026e-01
1.502106536014725657e-01
1.477859168794800060e-01
1.454011076600991437e-01
1.430555816099896294e-01
1.407491150672611491e-01
1.384814854115460070e-01
1.362528760212839418e-01
1.340630592775970131e-01
1.319114085579658757e-01
1.297977056758659875e-01
1.277217335559574229e-01
1.256828829743772968e-01
1.236809459390727783e-01
1.217157154917784673e-01
1.197865992105974914e-01
1.178933988944537853e-01
1.160362994073509957e-01
1.142147180349902397e-01
1.124288429915682452e-01
1.106785016841848462e-01
1.089631541059000591e-01
1.072826404594851707e-01
1.056371705731298238e-01
1.040258446082514554e-01
1.024485099915226211e-01
1.009050144343991845e-01
9.939484481789140347e-02
9.791749635860683143e-02
9.647282961959328940e-02
9.506035015578477576e-02
9.368027800094017032e-02
9.233142037408546832e-02
9.101435467525410827e-02
8.972825314798633933e-02
8.847299450806445087e-02
8.724811377924288069e-02
8.605315345945264982e-02
8.488834341685062845e-02
8.375255336493539482e-02
8.264602027539767748e-02
8.156796996671097921e-02
8.051830798060770344e-02
7.949627753659288532e-02
7.850179416441760427e-02
7.753477298049506194e-02
7.659415133043917523e-02
7.568018307435452063e-02
7.479246991610495610e-02
7.393029912614335064e-02
7.309360884495438859e-02
7.228201916830760687e-02
7.149484041267047119e-02
7.073170932452474413e-02
6.999258073386765977e-02
6.927709773116447201e-02
6.858429044674264896e-02
6.791413006499787131e-02
6.726628057166952890e-02
6.664041110648806499e-02
6.603558994096549173e-02
6.545210833631490144e-02
6.488905048541011855e-02
6.434611427725046851e-02
6.382300218577803552e-02
6.331912579969345423e-02
6.283449488332286392e-02
6.236853272862042524e-02
6.192096372877693711e-02
6.149152147652796330e-02
6.107967555252363095e-02
6.068519643357802446e-02
6.030785789598386987e-02
5.994686926148379280e-02
5.960201912262538121e-02
5.927309909919096370e-02
5.895962409539568655e-02
5.866083907774021639e-02
5.837711059867130986e-02
5.810714332459467057e-02
5.785131183051446524e-02
5.760916365127924377e-02
5.738025414814760389e-02
5.716387602547167573e-02
5.696041096647055935e-02
5.676889374871575689e-02
5.658944276716482147e-02
5.642137779730197616e-02
5.626482272642348986e-02
5.611911031645386294e-02
5.598384677170382268e-02
5.585916560392440583e-02
5.574442022034318406e-02
5.563923340339927553e-02
5.554349107697029164e-02
5.545631465055601145e-02
5.537811243504275893e-02
5.530776664610417837e-02
5.524518718092957109e-02
5.519028525053527867e-02
5.514247432569144985e-02
5.510192345279178033e-02
5.506780936816635386e-02
5.504030797082808124e-02
5.501910175303367095e-02
5.500387873881712464e-02
5.499433238926039469e-02
5.499040314134699681e-02
5.499155122705642884e-02
5.499748588502853530e-02
5.500768305715045270e-02
5.502210254867854339e-02
5.504023229630407993e-02
5.506180445025481845e-02
5.508655584207094308e-02
5.511422790172879060e-02
5.514503064003347527e-02
5.517847725201335818e-02
5.521431944639657030e-02
5.525254352722866469e-02
5.529314121777152008e-02
5.533542479051158092e-02
5.537939637284104710e-02
5.542460810314134984e-02
5.547084388342168187e-02
5.551789136339294745e-02
5.556531985278520547e-02
5.561270613827971193e-02
5.566051474343987338e-02
5.570788730962911162e-02
5.575550768409327090e-02
5.580252716379958955e-02
5.584962589828833951e-02
5.589596464178287621e-02
5.594200535098459159e-02
5.598734790640721298e-02
5.603159902543668885e-02
5.607479562937613127e-02
5.611655238212032853e-02
5.615649052488246029e-02
5.619465588847138982e-02
5.623067726039293612e-02
5.626460436177498081e-02
5.629627974824007869e-02
5.632575427633448178e-02
5.635266864822838923e-02
5.637728121596349146e-02
5.639964314664885209e-02
5.641919839695135053e-02
5.643640684222146764e-02
5.645051797627595458e-02
5.646179208399178251e-02
5.646988881375809149e-02
5.647447355534109675e-02
5.647580895237205162e-02
5.647356434209532122e-02
5.646761022231235744e-02
5.645820896536012101e-02
5.644503686481773530e-02
5.642816206836849535e-02
5.640765180833461762e-02
5.638357241551878590e-02
5.635579846157610234e-02
5.632420672165878994e-02
5.628886547696997783e-02
5.624946495114351019e-02
5.620607616173062260e-02
5.615858212183962028e-02
5.610686790844326977e-02
5.605081899042039378e-02
5.599050117273786376e-02
5.592579368714932497e-02
5.585676125788455876e-02
5.578365044302317777e-02
5.570615830465282248e-02
5.562453050988626357e-02
5.553864804502232910e-02
5.544839393946093820e-02
5.535419051349367570e-02
5.525556169475073776e-02
5.515292748435902254e-02
5.504599348778536211e-02
5.493482267137822506e-02
5.481947718110917467e-02
5.470001834923619161e-02
5.457633241905108373e-02
5.444830751944589736e-02
5.431617951729787730e-02
5.417966395398755158e-02
5.403899570217782916e-02
5.389406424136666818e-02
5.374476084708325330e-02
5.359148754294813105e-02
5.343396428402168857e-02
5.327258886089105555e-02
5.310724992231891789e-02
5.293800497726916521e-02
5.276491074158784489e-02
5.258818899048180173e-02
5.240756256369540067e-02
5.222341691759209426e-02
5.203563983965259210e-02
5.184412083717948594e-02
5.164923939801702862e-02
5.145072078000439975e-02
5.124894056991972230e-02
5.104378595961989173e-02
5.083546655237548839e-02
5.062370958662099074e-02
5.040904222389853279e-02
5.019134953500689611e-02
4.997051829200237216e-02
4.974690922406620197e-02
4.952056409832906320e-02
4.929136780423320346e-02
4.905951833203724133e-02
4.882505566395217711e-02
4.858801921017994602e-02
4.834844781882397663e-02
4.810668466751585881e-02
4.786244829498431663e-02
4.761606868390232811e-02
4.736771927550207512e-02
4.711726851315071324e-02
4.686473743972362910e-02
4.661059731374007226e-02
4.635456449587303795e-02
4.609680668737314857e-02
4.583734063874501941e-02
4.557647894137234479e-02
4.531393970172699348e-02
4.505003297618061925e-02
4.478491797054789253e-02
4.451831378566926956e-02
4.425052522523131165e-02
4.398170788228677325e-02
4.371172632940484304e-02
4.344073484821605463e-02
4.316874215309668417e-02
4.289589973268244372e-02
4.262235695453938517e-02
4.234811918579328011e-02
4.207319170278860099e-02
4.179800246151121890e-02
4.152227129541890410e-02
4.124642162692278291e-02
4.097031314520815926e-02
4.069408540571976818e-02
4.041787600915817957e-02
4.014182062603188078e-02
3.986591546439727934e-02
3.959015673424871179e-02
3.931481387988498832e-02
3.903988031491791022e-02
3.876534948077461212e-02
3.849135007037380457e-02
3.821814373103352841e-02
3.794545125771431326e-02
3.767366641822661455e-02
3.740277738257506007e-02
3.713277239616279840e-02
3.686377228291539548e-02
3.659576409841330119e-02
3.632899821510985477e-02
3.606345921112637243e-02
3.579913177344987152e-02
3.553613099666193959e-02
3.527457034462848362e-02
3.501443223789219017e-02
3.475570804282263060e-02
3.449862117270431627e-02
3.424340788206165637e-02
3.398978673044663473e-02
3.373786179428729659e-02
3.348786256191790128e-02
3.323963599552572784e-02
3.299340911650047031e-02
3.274928022833920732e-02
3.250697055736145175e-02
3.226695377928365249e-02
3.202895082427224122e-02
3.179305816986032623e-02
3.155961814908942592e-02
3.132822934419535882e-02
3.109935505531579922e-02
3.087284047435204237e-02
3.064877671501786346e-02
3.042713201040931834e-02
3.020799613858054025e-02
2.999157847350070877e-02
2.977772427860007898e-02
2.956640077595717314e-02
2.935781488250311169e-02
2.915193221091651535e-02
2.894883765087288494e-02
2.874837787108319373e-02
2.855087405163912045e-02
2.835605431983534083e-02
2.816411981901575587e-02
2.797503501451846508e-02
2.778876476130768755e-02
2.760550690208970342e-02
2.742510893463031077e-02
2.724765135801831759e-02
2.707321361236169482e-02
2.690175924852504508e-02
2.673325222533507947e-02
2.656777103454859359e-02
2.640527937402516179e-02
2.624585476793741060e-02
2.608934760605987127e-02
2.593606094819958519e-02
2.578561987554446253e-02
2.563832616372651446e-02
2.549414281487948075e-02
2.535292192179606705e-02
2.521473932490401332e-02
2.507955925562662530e-02
2.494756694907908356e-02
2.481850623423142652e-02
2.469245591128197553e-02
2.456949452941765630e-02
2.444959068525845436e-02
2.433282194356296488e-02
2.421894000502345518e-02
2.410813140603151189e-02
2.400036511017080917e-02
2.389561041700685382e-02
2.379383695790596512e-02
2.369501469191962265e-02
2.359922024274133806e-02
2.350631723115854596e-02
2.341638228156919452e-02
2.332938567632428239e-02
2.324519294634472266e-02
2.316388070191505513e-02
2.308552460210256535e-02
2.300988697879244316e-02
2.293714823274072001e-02
2.286717605613958204e-02
2.279994287921307747e-02
2.273542142675389829e-02
2.267358471547140444e-02
2.261450833878986613e-02
2.255806299816972421e-02
2.250422257551938296e-02
2.245285985057181646e-02
2.240415233619395471e-02
2.235797307190814584e-02
2.231419656428761111e-02
2.227279897206585479e-02
2.223385662670242235e-02
2.219734534204118384e-02
2.216304255301361145e-02
2.213102538382355836e-02
2.210127131206529594e-02
2.207375807433487394e-02
2.204846366497129409e-02
2.202526844327801214e-02
2.200415176409157431e-02
2.198509322886427197e-02
2.196807268443675201e-02
2.195297345461909994e-02
2.193987319647049128e-02
2.192846384495810222e-02
2.191901650245589930e-02
2.191122522234527012e-02
2.190526451844457267e-02
2.190092647533226425e-02
2.189819627994239737e-02
2.189696879793512005e-02
2.189732974632577212e-02
2.189926986439872866e-02
2.190249870958093509e-02
2.190729020583183015e-02
2.191335575939551417e-02
2.192068900789192684e-02
2.192937641888056260e-02
2.193922615224496928e-02
2.195023295625418008e-02
2.196248361785839084e-02
2.197569726256939568e-02
2.198996189730914597e-02
2.200527341704892892e-02
2.202144596892725154e-02
2.203847713320730359e-02
2.205636455683165909e-02
2.207501579172327019e-02
2.209442936141902888e-02
2.211451418253460033e-02
2.213526962685536531e-02
2.215669510845304224e-02
2.217870116206975897e-02
2.220128801404186447e-02
2.222436748942802076e-02
2.224794059915732175e-02
2.227200837259368099e-02
2.229630874184703251e-02
2.232101985527694746e-02
2.234605626702130393e-02
2.237124649974695650e-02
2.239668122028814004e-02
2.242227710521980250e-02
2.244786547919704056e-02
2.247362370077575847e-02
2.249929816958494075e-02
2.252498036848328902e-02
2.255059011690320817e-02
2.257604811917537924e-02
2.260127595426560110e-02
2.262628072595747331e-02
2.265106948241850035e-02
2.267548080370008698e-02
2.269952297984746334e-02
2.272312047778997021e-02
2.274628212384757764e-02
2.276893336266804305e-02
2.279108354059322661e-02
2.281265906064034940e-02
2.283358744614120625e-02
2.285379827608166256e-02
2.287338662751309606e-02
2.289228261665577149e-02
2.291041712094563088e-02
2.292772177123795357e-02
2.294437296580182500e-02
2.296022076413245863e-02
2.297527865104707911e-02
2.298947929399289616e-02
2.300283657960731226e-02
2.301528399684347678e-02
2.302683582296312023e-02
2.303734649612454444e-02
2.304683129861416144e-02
2.305530538125298914e-02
2.306262529480706744e-02
2.306888619490237921e-02
2.307386698388190494e-02
2.307774197937027816e-02
2.308037006190037307e-02
2.308168981099315356e-02
2.308179648975126549e-02
2.308055097964113039e-02
2.307797083893206244e-02
2.307415088129166278e-02
2.306903055221412244e-02
2.306262695353559350e-02
2.305495703468473517e-02
2.304596097555017264e-02
2.303573243020748396e-02
2.302413543685307221e-02
2.301126353193744950e-02
2.299698180184718208e-02
2.298130800957686598e-02
2.296410884650697259e-02
2.294547815338545196e-02
2.292535869163667486e-02
2.290361893133094351e-02
2.288042744571571266e-02
2.285565310473347198e-02
2.282938904900099625e-02
2.280157923069522571e-02
2.277224210792651998e-02
2.274132219841916783e-02
2.270891171483626139e-02
2.267502855696668096e-02
2.263961723708316984e-02
2.260276885173634343e-02
2.256442790528156300e-02
2.252461173343358811e-02
2.248340850505838040e-02
2.244068825273122167e-02
2.239653862497534634e-02
2.235083057783819604e-02
2.230350808362021112e-02
2.225458722991759813e-02
2.220408392643868217e-02
2.215194267961862959e-02
2.209817957234662053e-02
2.204281050792069804e-02
2.198599261302971661e-02
2.192766986513887406e-02
2.186792747366444328e-02
2.180684978680589095e-02
2.174445028915848038e-02
2.168067246520722496e-02
2.161552998997790312e-02
2.154896687793902282e-02
2.148092766011284321e-02
2.141135737951946685e-02
2.134027057903772895e-02
2.126761281012791785e-02
2.119346744292196355e-02
2.111791701617372549e-02
2.104097491917401516e-02
2.096272254707949242e-02
2.088317248743908408e-02
2.080247284572324731e-02
2.072063493665911652e-02
2.063766993838604333e-02
2.055352154961797781e-02
2.046813398234393830e-02
2.038158600266333845e-02
2.029375501343598509e-02
2.020458626745982866e-02
2.011415860499255609e-02
2.002255009483314488e-02
1.992963936273412298e-02
1.983570258120018540e-02
1.974068372056014126e-02
1.964465877142648406e-02
1.954763738325392478e-02
1.944982542570121431e-02
1.935103506139222024e-02
1.925140588045140197e-02
1.915081620699067566e-02
1.904933997517358618e-02
1.894692104966124585e-02
1.884350380089797744e-02
1.873922559655490094e-02
1.863402734415790796e-02
1.852797800587684118e-02
1.842108195597329939e-02
1.831353482276718014e-02
1.820521226865252917e-02
1.809630846594897577e-02
1.798682577286679976e-02
1.787676649892097278e-02
1.776613290524915040e-02
1.765499009204854128e-02
1.754327704596965812e-02
1.743112107860977228e-02
1.731846094217850962e-02
1.720529823204978645e-02
1.709175882682516939e-02
1.697771933484772469e-02
1.686324310164646206e-02
1.674839286089831528e-02
1.663310755267610047e-02
1.651744955025564662e-02
1.640148062489523578e-02
1.628513960880366776e-02
1.616854895517449292e-02
1.605170818384785494e-02
1.593467753935007974e-02
1.581745607002510087e-02
1.570022423015052584e-02
1.558285910396527661e-02
1.546547966627639069e-02
1.534802358246303670e-02
1.523060883815113842e-02
1.511317293616881892e-02
1.499571356990692626e-02
1.487828794624255699e-02
1.476089333495744088e-02
1.464352699950911309e-02
1.452630444431898468e-02
1.440910414551632539e-02
1.429209993006383232e-02
1.417522913562919290e-02
1.405854682179967334e-02
1.394204906609323655e-02
1.382584862069927492e-02
1.370982439695481517e-02
1.359414672471118135e-02
1.347875262141907948e-02
1.336369527098539914e-02
1.324902736399550911e-02
1.313474354529377101e-02
1.302083824206519587e-02
1.290741953825310859e-02
1.279447994754826477e-02
1.268201203311194666e-02
1.257006533254641928e-02
1.245863213425667769e-02
1.234781812818193554e-02
1.223755841629760137e-02
1.212790150792168037e-02
1.201883917606058269e-02
1.191041943367786293e-02
1.180268986506963561e-02
1.169564169919412588e-02
1.158926623462912947e-02
1.148355484008108107e-02
1.137861008641092436e-02
1.127436731284516686e-02
1.117081774143440995e-02
1.106806307584304663e-02
1.096609396716897306e-02
1.086484618125215657e-02
1.076442057559774679e-02
1.066486240844387312e-02
1.056605272158254831e-02
1.046814603606040228e-02
1.037107805039659374e-02
1.027489352912512588e-02
1.017963685321896482e-02
1.008529800131205065e-02
9.991867039795890304e-03
9.899334122550083881e-03
9.807796841300897572e-03
9.717191274001299103e-03
9.627560939500061366e-03
9.538895656631197692e-03
9.451185334464876769e-03
9.364473076235118806e-03
9.278748630994442317e-03
9.194054717488625919e-03
9.110328163599284296e-03
9.027664300034181008e-03
8.946000027046272299e-03
8.865377646181464913e-03
8.785786786443556401e-03
8.707269379457345873e-03
8.629762810165562265e-03
8.553360965585838152e-03
8.478001309130586347e-03
8.403673607560372197e-03
8.330471044478437309e-03
8.258331538688117382e-03
8.187245658792648151e-03
8.117255566962423494e-03
8.048300622412794467e-03
7.980474068237245269e-03
7.913715332147876896e-03
7.848066175764280630e-03
7.783466418037713989e-03
7.719957784945541239e-03
7.657581668001217819e-03
7.596278154832131202e-03
7.536088606818011452e-03
7.477003779651505977e-03
7.419014520289859624e-03
7.362111766891789831e-03
7.306286548753143130e-03
7.251579848320695992e-03
7.197932809041527984e-03
7.145386390708814359e-03
7.093931680512517365e-03
7.043510405901085535e-03
6.994163494721520984e-03
6.945882310532740592e-03
6.898707457307737267e-03
6.852532085229632967e-03
6.807397082813986325e-03
6.763343027703200630e-03
6.720312694812608477e-03
6.678297997379508549e-03
6.637339487633036293e-03
6.597380512677951218e-03
6.558413256408041417e-03
6.520429991702340368e-03
6.483471234843270030e-03
6.447481084750534414e-03
6.412452078813556285e-03
6.378424703848647494e-03
6.345343613414606253e-03
6.313201603538803192e-03
6.281991554679858258e-03
6.251706430922930255e-03
6.222386660913480083e-03
6.193930514549079829e-03
6.166425870402818081e-03
6.139771540779915236e-03
6.114008181064025521e-03
6.089129238304066133e-03
6.065128236635659344e-03
6.041952055820792172e-03
6.019641278149944971e-03
5.998096946575171180e-03
5.977408129127340791e-03
5.957478174190664055e-03
5.938349990906277055e-03
5.919927676231975973e-03
5.902300401763036983e-03
5.885372727773063861e-03
5.869187662388311404e-03
5.853742094566119145e-03
5.838941540075493278e-03
5.824874754624074884e-03
5.811447699147657270e-03
5.798657971775838214e-03
5.786593906285016249e-03
5.775116860043954733e-03
5.764315151392630093e-03
5.754186258086011439e-03
5.744637706561563952e-03
5.735712480027333436e-03
5.727408423601081967e-03
5.719678684700973612e-03
5.712521434007164327e-03
5.705845761198572244e-03
5.699739352178175185e-03
5.694067317102069134e-03
5.688917305319166583e-03
5.684199463641646799e-03
5.679912896575658836e-03
5.676144804033299296e-03
5.672761964203663215e-03
5.669851533395117195e-03
5.667324879936219868e-03
5.665268858155811382e-03
5.663595213961272745e-03
5.662346971597444385e-03
5.661436502736034819e-03
5.660820226857168902e-03
5.660584743113693598e-03
5.660643221202830283e-03
5.660952620532445217e-03
5.661556299569118524e-03
5.662411404975205287e-03
5.663475423271028750e-03
5.664834522405195159e-03
5.666403424479064289e-03
5.668182749816651385e-03
5.670173125037699519e-03
5.672375182619720027e-03
5.674747185663662347e-03
5.677290018892324971e-03
5.679962543584545637e-03
5.682766823928048737e-03
5.685705104213743637e-03
5.688779620417526960e-03
5.691908810928303537e-03
5.695137184331526894e-03
5.698425448328434291e-03
5.701776271408478571e-03
5.705150729753165860e-03
5.708593199370986387e-03
5.712064883252459223e-03
5.715568624878661699e-03
5.719065983878688329e-03
5.722560000830087534e-03
5.726012584646823951e-03
5.729468001151478800e-03
5.732847312841179294e-03
5.736235697982177383e-03
5.739513674597824557e-03
5.742766294621978566e-03
5.745915364068532143e-03
5.749004999671522044e-03
5.751957483174033152e-03
5.754816948359650630e-03
5.757546495403879916e-03
5.760190044914703135e-03
5.762670582591067521e-03
5.765032037875991201e-03
5.767197851057009536e-03
5.769251933445293697e-03
5.771117950716052845e-03
5.772799783787134487e-03
5.774301275225891469e-03
5.775626228821640305e-03
5.776738798470897919e-03
5.777642927877451456e-03
5.778342519647547762e-03
5.778802042311231325e-03
5.779025532238148653e-03
5.779016982688304528e-03
5.778780343609097626e-03
5.778280416720629580e-03
5.777521279331356528e-03
5.776506963842799672e-03
5.775241457679302845e-03
5.773689883290221599e-03
5.771895099433512616e-03
5.769822279169683869e-03
5.767436831897624488e-03
5.764820016325870704e-03
5.761860075799646666e-03
5.758637771506451217e-03
5.755079879711574170e-03
5.751266727639999139e-03
5.747125282525923293e-03
5.742659264266116587e-03
5.737910401124165713e-03
5.732806150747775387e-03
5.727426137923498882e-03
5.721698007413583524e-03
5.715663244102584667e-03
5.709287594431266752e-03
5.702612320194832586e-03
5.695603217198785470e-03
5.688263817157369374e-03
5.680597608710666845e-03
5.672608037694873255e-03
5.664298507408889113e-03
5.655635137636149876e-03
5.646621446708908684e-03
5.637298018654412872e-03
5.627631045670685242e-03
5.617623918843035920e-03
5.607316897930104613e-03
5.596639402841173221e-03
5.585594895630725983e-03
5.574260225091279969e-03
5.562601728576700190e-03
5.550585962833663733e-03
5.538289262556509579e-03
5.525641582405388212e-03
5.512682525754759692e-03
5.499415070791491278e-03
5.485805892424990525e-03
5.471894279013631360e-03
5.457683087725511382e-03
5.443139063892824675e-03
5.428301183648749813e-03
5.413172184379240991e-03
5.397682999138305945e-03
5.381944122262382127e-03
5.365886470265368580e-03
5.349548504866165344e-03
5.332897134421967986e-03
5.315970617016056894e-03
5.298771415274911543e-03
5.281301953459703082e-03
5.263529233390180744e-03
5.245491110566155753e-03
5.227189894935093187e-03
5.208627659568389884e-03
5.189805645471937644e-03
5.170759943096283826e-03
5.151421319203423888e-03
5.131860825495108275e-03
5.112044312185620720e-03
5.092007516322651257e-03
5.071751131266721661e-03
5.051275824487523429e-03
5.030582237937957120e-03
5.009670988450180135e-03
4.988577205295576661e-03
4.967266800513072192e-03
4.945774737233348158e-03
4.924101359539435722e-03
4.902212688910384010e-03
4.880143444266914904e-03
4.857893905048401954e-03
4.835498455307786839e-03
4.812923092893026805e-03
4.790202046937160237e-03
4.767335345494947037e-03
4.744322999507375772e-03
4.721165003404698655e-03
4.697861335717361253e-03
4.674445679762336860e-03
4.650917812377607964e-03
4.627243891523886467e-03
4.603490936726543567e-03
4.579625024382997719e-03
4.555645882410268646e-03
4.531586606787934776e-03
4.507446735527946731e-03
4.483225798031527549e-03
4.458923315681921629e-03
4.434538802428289635e-03
4.410104863613349864e-03
4.385620833006243641e-03
4.361086039471310030e-03
4.336466875848844597e-03
4.311861457734415641e-03
4.287203128744960720e-03
4.262523970033670409e-03
4.237855841011227247e-03
4.213165067650574865e-03
4.188450796540250237e-03
4.163744721796971623e-03
4.139078320533273563e-03
4.114417975955030754e-03
4.089762675204475922e-03
4.065143615392114232e-03
4.040559010860940610e-03
4.016006960481310721e-03
3.991517742452506574e-03
3.967057196169851592e-03
3.942655511979369261e-03
3.918310666504063247e-03
3.894052604884322595e-03
3.869879166620234217e-03
3.845756350559408412e-03
3.821713977553216346e-03
3.797781670146187748e-03
3.773925463784017723e-03
3.750174901923620206e-03
3.726559332637072782e-03
3.703013293053121924e-03
3.679597698219093816e-03
3.656310192146390668e-03
3.633148433947879907e-03
3.610078765410924817e-03
3.587192874309865290e-03
3.564394468385876334e-03
3.541774960096422641e-03
3.519269525159816892e-03
3.496938073271396111e-03
3.474747045011499554e-03
3.452725053960627004e-03
3.430869603990215934e-03
3.409209093348421291e-03
3.387710087819714548e-03
3.366370148770888877e-03
3.345217582598761490e-03
3.324280516346513059e-03
3.303495021225599012e-03
3.282919892479440205e-03
3.262521969560856078e-03
3.242329266968809864e-03
3.222339195925131433e-03
3.202549190655699842e-03
3.182956708683933392e-03
3.163589512727825979e-03
3.144444961616533942e-03
3.125490254786277011e-03
3.106753082363946684e-03
3.088230878320579430e-03
3.069951141506825805e-03
3.051881222170077686e-03
3.034048575586249796e-03
3.016420701728100666e-03
2.999054861049244187e-03
2.981888787326281674e-03
2.964949984149525472e-03
2.948265818009102555e-03
2.931804178795900055e-03
2.915592393486849277e-03
2.899628065294322047e-03
2.883908825853465172e-03
2.868432335345753523e-03
2.853166860348747402e-03
2.838198385201639359e-03
2.823436389515981016e-03
2.808937353374948726e-03
2.794698941897769823e-03
2.780689659720694557e-03
2.766936513321585547e-03
2.753408158175972044e-03
2.740160618867605764e-03
2.727162563712019327e-03
2.714411834245338516e-03
2.701906301194215848e-03
2.689643864351334672e-03
2.677651276598550130e-03
2.665897580756735209e-03
2.654377889848302547e-03
2.643118920924863568e-03
2.632110002512468537e-03
2.621349125185281227e-03
2.610834307665263303e-03
2.600563596585847743e-03
2.590537912759119984e-03
2.580755344574171828e-03
2.571214007633454250e-03
2.561912044485455207e-03
2.552847624352420040e-03
2.544021767266787474e-03
2.535429861775963158e-03
2.527072971131077463e-03
2.518946544112266733e-03
2.511048879185916443e-03
2.503383904948695924e-03
2.495944347081818521e-03
2.488728578254193174e-03
2.481734995296797867e-03
2.474964804208083010e-03
2.468408093509071640e-03
2.462068910049950311e-03
2.455940199798723779e-03
2.450023270153935638e-03
2.444311142320024482e-03
2.438802413071552988e-03
2.433495815939788753e-03
2.428387812805718731e-03
2.423475014866678223e-03
2.418754067191646734e-03
2.414229864044503421e-03
2.409890876629186378e-03
2.405739310345182333e-03
2.401771917984987532e-03
2.397985484936587895e-03
2.394374111235306885e-03
2.390940086158394907e-03
2.387677569444240401e-03
2.384583474193346063e-03
2.381654744771453253e-03
2.378888356543617990e-03
2.376281315606567843e-03
2.373830658518573389e-03
2.371533452026073577e-03
2.369386792786317732e-03
2.367385130411206635e-03
2.365528305300872245e-03
2.363813502102595811e-03
2.362232605104496157e-03
2.360785540804252302e-03
2.359466934626344367e-03
2.358274108271524606e-03
2.357204410800504621e-03
2.356252573758743293e-03
2.355413371267217268e-03
2.354686892752120425e-03
2.354067972374342121e-03
2.353548856919785142e-03
2.353132348725866727e-03
2.352810760000842091e-03
2.352579075481444053e-03
2.352437545236204901e-03
2.352378599774138362e-03
2.352402539154608077e-03
2.352501866373627251e-03
2.352671734790588373e-03
2.352912521670347083e-03
2.353216840681211699e-03
2.353582528376989627e-03
2.354002277231228863e-03
2.354476564175695188e-03
2.354998146712089166e-03
2.355564972219227962e-03
2.356169872497685183e-03
2.356813415654902995e-03
2.357488494083619535e-03
2.358193239243342766e-03
2.358923573577189400e-03
2.359683172309712511e-03
2.360442620563594791e-03
2.361238725977850630e-03
2.362047206265601752e-03
2.362869251841738950e-03
2.363706048023997246e-03
2.364533521628031393e-03
2.365352958054968077e-03
2.366165636082588446e-03
2.366997969507180725e-03
2.367800902086920553e-03
2.368600869720843306e-03
2.369399121519208656e-03
2.370146908443419506e-03
2.370895599158748691e-03
2.371621494998619756e-03
2.372301033866136728e-03
2.372985337103366253e-03
2.373601160474241457e-03
2.374199568493637596e-03
2.374757103250806686e-03
2.375275145123440651e-03
2.375730394312673167e-03
2.376148949252697082e-03
2.376532155964642019e-03
2.376856787051064186e-03
2.377124271776187917e-03
2.377311536350986635e-03
2.377469001658254807e-03
2.377549113315426555e-03
2.377553355909515966e-03
2.377483200647448856e-03
2.377364419414989584e-03
2.377174072088267774e-03
2.376889345273020763e-03
2.376535969872119614e-03
2.376091174430352421e-03
2.375580591846051300e-03
2.374981491992641473e-03
2.374295339444990570e-03
2.373547619991672741e-03
2.372691662957273837e-03
2.371728992369817862e-03
2.370685049664133029e-03
2.369561225641655163e-03
2.368311167736698777e-03
2.366984101670569461e-03
2.365533780621179635e-03
2.364009254727689711e-03
2.362364341341191467e-03
2.360624188531036671e-03
2.358790132749243387e-03
2.356839867759814855e-03
2.354774799535223635e-03
2.352596317882942826e-03
2.350329322936021200e-03
2.347928085427651492e-03
2.345440966106161502e-03
2.342822336304267034e-03
2.340096997015018998e-03
2.337242878970776164e-03
2.334284683062481415e-03
2.331200372260820546e-03
2.328014547329895594e-03
2.324705202899535975e-03
2.321296839596138310e-03
2.317767483150415166e-03
2.314118403306430344e-03
2.310350852187495127e-03
2.306466064242906639e-03
2.302488289562917585e-03
2.298372628057023838e-03
2.294143326646460104e-03
2.289801548664227929e-03
2.285325535131585688e-03
2.280739382237436958e-03
2.276044199523207055e-03
2.271241078660893569e-03
2.266308316827548436e-03
2.261269810212063885e-03
2.256103883655379092e-03
2.250834333791840256e-03
2.245439513019940880e-03
2.239943118884418251e-03
2.234323531315548280e-03
2.228581793806731163e-03
2.222741456214261547e-03
2.216803432716463185e-03
2.210746158559488434e-03
2.204570607011669976e-03
2.198277733989193860e-03
2.191890846714114344e-03
2.185388436434946256e-03
2.178771408084307151e-03
2.172062925753347890e-03
2.165241523691829092e-03
2.158308057352175801e-03
2.151285549847366599e-03
2.144174664360046570e-03
2.136953652906915194e-03
2.129622900035772759e-03
2.122204839183923671e-03
2.114699737978257329e-03
2.107107851738134873e-03
2.099429423693515047e-03
2.091642744054765177e-03
2.083770033806173119e-03
2.075811501066923085e-03
2.067767342771185436e-03
2.059637744899229985e-03
2.051422882709611796e-03
2.043122920971942886e-03
2.034738014199784055e-03
2.026290009302880984e-03
2.017757279425427472e-03
2.009161593231604658e-03
2.000481364469192374e-03
1.991716700200276378e-03
1.982910808977409855e-03
1.974020552887375581e-03
1.965046013376676309e-03
1.956030198797167191e-03
1.946930122890208788e-03
1.937788662327066423e-03
1.928584313007407217e-03
1.919317031365496817e-03
1.910008089716128989e-03
1.900636050739506382e-03
1.891222116329546819e-03
1.881744894427626446e-03
1.872225517503978620e-03
1.862684997908319647e-03
1.853080776203810650e-03
1.843455005163916090e-03
1.833765229229114427e-03
1.824053477591595571e-03
1.814319473535758349e-03
1.804531422512756613e-03
1.794720637939342060e-03
1.784882640421296077e-03
1.775019246840525743e-03
1.765130169688397836e-03
1.755219291927525909e-03
1.745288386975464264e-03
1.735341295536235512e-03
1.725377676315564259e-03
1.715401337099252453e-03
1.705413988252827253e-03
1.695417270183641146e-03
1.685416718550978177e-03
1.675409520224226644e-03
1.665399059489750498e-03
1.655388699319149505e-03
1.645377668603465078e-03
1.635367251107490904e-03
1.625360772039786007e-03
1.615359487988838596e-03
1.605364646420787958e-03
1.595377485921679016e-03
1.585405357165963055e-03
1.575445382367648582e-03
1.565502836641950463e-03
1.555580933601425752e-03
1.545678809619379116e-03
1.535799658151779405e-03
1.525946654955144186e-03
1.516118915424429295e-03
1.506319596800394581e-03
1.496549823321866859e-03
1.486810713305347599e-03
1.477103379406272685e-03
1.467430937128620183e-03
1.457794480692781256e-03
1.448197102460630501e-03
1.438637878982377541e-03
1.429119888475735003e-03
1.419646194635838148e-03
1.410215861872495934e-03
1.400831941352434322e-03
1.391493495889606878e-03
1.382205549875225497e-03
1.372967157722480369e-03
1.363779361229484769e-03
1.354645176879934985e-03
1.345561685489041290e-03
1.336535845885888267e-03
1.327566707264932243e-03
1.318655294405896971e-03
1.309802630874152716e-03
1.301013662520675209e-03
1.292285477596228629e-03
1.283623010352634127e-03
1.275023358147398152e-03
1.266491444374629339e-03
1.258028274124610392e-03
1.249630959599822618e-03
1.241304409185265464e-03
1.233047687126014426e-03
1.224861804223842734e-03
1.216747760301625488e-03
1.208708487035117275e-03
1.200741112598713734e-03
1.192848573054979379e-03
1.185031869096491840e-03
1.177292002595717400e-03
1.169629976685764537e-03
1.162046795834625326e-03
1.154541549254615995e-03
1.147115251643608929e-03
1.139770830947056625e-03
1.132505478944044377e-03
1.125324036031844421e-03
1.118223706986582995e-03
1.111207423735997585e-03
1.104272411438170752e-03
1.097421607817688442e-03
1.090656047885394395e-03
1.083972983738287548e-03
1.077377248175212391e-03
1.070864218904037839e-03
1.064436844677240030e-03
1.058096183663001164e-03
1.051841415446129946e-03
1.045671730910349576e-03
1.039590083341447200e-03
1.033595671848684108e-03
1.027689577598862002e-03
1.021869146568553420e-03
1.016137343646932598e-03
1.010493398494449789e-03
1.004936551892006815e-03
9.994660556992013972e-04
9.940811728127846563e-04
9.887848858289873498e-04
9.835746135662252511e-04
9.784496448194930987e-04
9.734111266424886862e-04
9.684583626232057176e-04
9.635906671954599673e-04
9.588092060036591466e-04
9.541114700292211651e-04
9.494986418057506979e-04
9.449700718583266355e-04
9.405232901861718250e-04
9.361613332896505683e-04
9.318817500811601246e-04
9.276821091706723794e-04
9.235672869877550959e-04
9.195312632120561163e-04
9.155754800368035625e-04
9.116996034003645860e-04
9.079033083778272322e-04
9.041862791297671171e-04
9.005464003800547467e-04
8.969851872610087743e-04
8.935005468650833622e-04
8.900922058293372864e-04
8.867598995453661315e-04
8.835033720865681549e-04
8.803223761310165294e-04
8.772148800694346124e-04
8.741806601999679458e-04
8.712195011411833553e-04
8.683311957357804124e-04
8.655137609949593684e-04
8.627670125115330033e-04
8.600889942072548894e-04
8.574795439040787523e-04
8.549385070397793772e-04
8.524639635643158206e-04
8.500557803095549862e-04
8.477120626875261000e-04
8.454326983001030906e-04
8.432175816277640186e-04
8.410630896793191676e-04
8.389709031466688598e-04
8.369391848919851629e-04
8.349661126180838323e-04
8.330516321288136119e-04
8.311939437360471366e-04
8.293912619799335842e-04
8.276453094875339160e-04
8.259525708820581206e-04
8.243112956990994184e-04
8.227232281263974689e-04
8.211848929439194119e-04
8.196963091703821872e-04
8.182557657872681703e-04
8.168615642819694557e-04
8.155137484817825445e-04
8.142106378900491577e-04
8.129522897145999988e-04
8.117353168812578394e-04
8.105597954434941429e-04
8.094240847003037311e-04
8.083265549339100752e-04
8.072673026021611777e-04
8.062429997424361717e-04
8.052537974873966728e-04
8.043000001352805474e-04
8.033768292268882866e-04
8.024880567722466988e-04
8.016289235327737775e-04
8.007980969256588231e-04
7.999976502488652689e-04
7.992245578135865171e-04
7.984791994968625482e-04
7.977585691016315711e-04
7.970630574769793208e-04
7.963896772420680841e-04
7.957405162460035953e-04
7.951125992051586355e-04
7.945046483962992390e-04
7.939153927926395236e-04
7.933452464976996268e-04
7.927929454251651928e-04
7.922555572408061884e-04
7.917335089057830509e-04
7.912255548561970137e-04
7.907304554527573364e-04
7.902469768584994550e-04
7.897755554883523037e-04
7.893133002092253547e-04
7.888606544890380042e-04
7.884164005896300521e-04
7.879809826576169261e-04
7.875498780566817436e-04
7.871235430478205029e-04
7.867040816499061779e-04
7.862853430869484565e-04
7.858694388956815376e-04
7.854551797856716006e-04
7.850413809344714607e-04
7.846268618726562165e-04
7.842104463678504795e-04
7.837925993885340925e-04
7.833721470116780661e-04
7.829462860070571977e-04
7.825154872058813363e-04
7.820802173689745925e-04
7.816360568117828667e-04
7.811867321815003365e-04
7.807262088369714033e-04
7.802582083593202853e-04
7.797799533415561727e-04
7.792886769374071133e-04
7.787864705685651869e-04
7.782721849710801110e-04
7.777446803473472793e-04
7.772028469562120359e-04
7.766471924552492126e-04
7.760766124076795818e-04
7.754916088156655306e-04
7.748894724066436026e-04
7.742707047069610510e-04
7.736342022140680133e-04
7.729820569751416929e-04
7.723099663518493384e-04
7.716200172495298092e-04
7.709095081110003923e-04
7.701789250183196977e-04
7.694287473982027413e-04
7.686578619905839018e-04
7.678667402279029230e-04
7.670526821236295541e-04
7.662161563076821946e-04
7.653592029414989619e-04
7.644775407403223708e-04
7.635747778537952009e-04
7.626482082064340749e-04
7.616967043525271156e-04
7.607238471607629142e-04
7.597253574733553276e-04
7.587016680170862804e-04
7.576547681152861861e-04
7.565819458799457513e-04
7.554836172458199300e-04
7.543601907242580363e-04
7.532105106340940704e-04
7.520349760687708961e-04
7.508324255403492657e-04
7.496032487591553634e-04
7.483462784755229085e-04
7.470649907521567223e-04
7.457566559320896564e-04
7.444216399233921557e-04
7.430603014534072981e-04
7.416729921263154248e-04
7.402600564845575543e-04
7.388202948867981981e-04
7.373540432385773929e-04
7.358600969052854100e-04
7.343418472000259618e-04
7.327950138920983616e-04
7.312214447413411915e-04
7.296229739106617268e-04
7.279953224338155940e-04
7.263433648497743698e-04
7.246643205621342097e-04
7.229598929332353967e-04
7.212302340129772950e-04
7.194739740819617799e-04
7.176912593728954591e-04
7.158837434978156718e-04
7.140500457394101256e-04
7.121902963599204602e-04
7.103046204419658513e-04
7.083946438733480788e-04
7.064589722547042405e-04
7.044977155548525676e-04
7.025124796289726860e-04
7.005018604954387591e-04
6.984689483855708626e-04
6.964123281404967485e-04
6.943320807440065117e-04
6.922297749031491778e-04
6.901054774013266890e-04
6.879592505462715866e-04
6.857911522200004330e-04
6.836012359274862499e-04
6.813910347622138819e-04
6.791591063550154322e-04
6.769084525241030872e-04
6.746361419243883080e-04
6.723451613950740370e-04
6.700355292178367941e-04
6.677057857267928651e-04
6.653588907228684098e-04
6.629933749849946205e-04
6.606107099736410271e-04
6.582108894132756693e-04
6.557953689530813353e-04
6.533626658990001083e-04
6.509156876847629327e-04
6.484544035451662728e-04
6.459773200953254071e-04
6.434873195517993964e-04
6.409843559929650743e-04
6.384669259827688379e-04
6.359378872626715844e-04
6.333971794771002355e-04
6.308432898679183689e-04
6.282790525360934563e-04
6.257029473454010261e-04
6.231177915377060028e-04
6.205220580123629046e-04
6.179185476128396925e-04
6.153057267169801227e-04
6.126863565391058378e-04
6.100602155702076774e-04
6.074270571205091793e-04
6.047880665779334711e-04
6.021444218059757679e-04
5.994958630918673093e-04
5.968421298223429688e-04
5.941843876451827601e-04
5.915223697907680267e-04
5.888572328688189850e-04
5.861887045100602810e-04
5.835179328572071477e-04
5.808446405044869702e-04
5.781699677023869862e-04
5.754950486266645219e-04
5.728195970373736604e-04
5.701447400905688750e-04
5.674701879254734002e-04
5.647970612383050289e-04
5.621250670900458830e-04
5.594553202616746454e-04
5.567889304577685683e-04
5.541241951338510491e-04
5.514622234870314660e-04
5.488055205989882633e-04
5.461523837034237957e-04
5.435039128885847974e-04
5.408612039065239466e-04
5.382253482905501865e-04
5.355946475858847870e-04
5.329729771888986386e-04
5.303586368188082777e-04
5.277527113018954611e-04
5.251548948649939616e-04
5.225662695062060050e-04
5.199879136615900366e-04
5.174181375910451774e-04
5.148594027171889131e-04
5.123100230717476163e-04
5.097724549435603877e-04
5.072463927079977819e-04
5.047315335641757144e-04
5.022303243019752422e-04
4.997410870672008322e-04
4.972648936861957672e-04
4.948028130195086197e-04
4.923559110129869295e-04
4.899211529105270552e-04
4.875023412022567787e-04
4.850978117910230555e-04
4.827086259284712588e-04
4.803358152768247031e-04
4.779776850737918383e-04
4.756366211735601102e-04
4.733122898124603639e-04
4.710057148717642500e-04
4.687152123859553675e-04
4.664431615677003327e-04
4.641878840148268011e-04
4.619531042123503650e-04
4.597344512295063962e-04
4.575356480448892517e-04
4.553563717964071605e-04
4.531963033055992802e-04
4.510551271055806286e-04
4.489325314703791845e-04
4.468308850306950005e-04
4.447498750433021204e-04
4.426878571989403951e-04
4.406471988067804570e-04
4.386275945392822538e-04
4.366274118987132496e-04
4.346490172949641858e-04
4.326907848893737701e-04
4.307550793191594813e-04
4.288402815897908666e-04
4.269474307046164526e-04
4.250762415922366478e-04
4.232264334604341209e-04
4.213977298335082485e-04
4.195924954896847539e-04
4.178091372420575053e-04
4.160473875970738581e-04
4.143069835287129269e-04
4.125889793710492393e-04
4.108944284179995624e-04
4.092204527262246344e-04
4.075694248279332355e-04
4.059397888418563288e-04
4.043326109093618118e-04
4.027476517419185833e-04
4.011859798813229754e-04
3.996460594494906609e-04
3.981276651672831972e-04
3.966318754732615849e-04
3.951584703173534221e-04
3.937072343204919139e-04
3.922779567619786288e-04
3.908704315628145406e-04
3.894857494851898007e-04
3.881211391504928924e-04
3.867790476670902367e-04
3.854580624006926672e-04
3.841593539507040522e-04
3.828815207971199568e-04
3.816257391583532509e-04
3.803906184503151925e-04
3.791760589259949459e-04
3.779845249609246568e-04
3.768133592331404528e-04
3.756624738019570552e-04
3.745330605960972862e-04
3.734237605198175380e-04
3.723344968935368856e-04
3.712664687210776092e-04
3.702183317850056229e-04
3.691900200762065196e-04
3.681814710030096292e-04
3.671938920861684782e-04
3.662246925098191380e-04
3.652750875992256995e-04
3.643450277297535745e-04
3.634332048406259895e-04
3.625420996831429108e-04
3.616678910413344988e-04
3.608118065528514149e-04
3.599750714039857058e-04
3.591551433770467797e-04
3.583532543239416291e-04
3.575693811053184913e-04
3.568022520311121566e-04
3.560506030515076100e-04
3.553169231382052526e-04
3.545987044770931656e-04
3.538971895762941600e-04
3.532111287689707773e-04
3.525405230364693694e-04
3.518853754711313148e-04
3.512444504532624863e-04
3.506177589871559554e-04
3.500053140335175812e-04
3.494071304645302760e-04
3.488232250200264334e-04
3.482511474620065780e-04
3.476921588824487871e-04
3.471462851585264573e-04
3.466123232551022049e-04
3.460903061750983107e-04
3.455790404404034599e-04
3.450785659834983143e-04
3.445901647429623605e-04
3.441115018193156741e-04
3.436427144832044397e-04
3.431839410090602215e-04
3.427353206338789758e-04
3.422957742094416209e-04
3.418654465065831252e-04
3.414444831172565873e-04
3.410318148337807931e-04
3.406275924706773125e-04
3.402319675103226472e-04
3.398426683298692332e-04
3.394622762536939758e-04
3.390885256574361207e-04
3.387203693803859071e-04
3.383603863613427734e-04
3.380063231941624210e-04
3.376571410240436760e-04
3.373154158584915009e-04
3.369777038401473206e-04
3.366453790963064296e-04
3.363186112469263933e-04
3.359951730428457971e-04
3.356764383122587511e-04
3.353625798210424351e-04
3.350513805152796057e-04
3.347430197153737326e-04
3.344376762647985378e-04
3.341343373217498880e-04
3.338343740986388151e-04
3.335355861013566134e-04
3.332393442596294692e-04
3.329446411795496693e-04
3.326504733249350545e-04
3.323582088231626379e-04
3.320656616801669699e-04
3.317741989735872388e-04
3.314828210374982107e-04
3.311905316598062732e-04
3.308986940131852881e-04
3.306063114487543179e-04
3.303123905483711814e-04
3.300159410468509759e-04
3.297194956166867074e-04
3.294197152706084875e-04
3.291191280630706233e-04
3.288155717965459725e-04
3.285080603889089677e-04
3.281991128011320347e-04
3.278854053976811185e-04
3.275694574906612877e-04
3.272491431836292838e-04
3.269246746994858180e-04
3.265962620022519946e-04
3.262641127651921954e-04
3.259272730462438707e-04
3.255847911742129684e-04
3.252380316808077629e-04
3.248860404035077212e-04
3.245290200362378557e-04
3.241660172761487457e-04
3.237972333216118854e-04
3.234217156204429009e-04
3.230408138854489147e-04
3.226535727957561411e-04
3.222590390452383211e-04
3.218597013779071650e-04
3.214523091076011804e-04
3.210393446745578435e-04
3.206187057071347639e-04
3.201917227447527155e-04
3.197585781591677414e-04
3.193171719043948588e-04
3.188688266276212087e-04
3.184137201768149142e-04
3.179497546988234425e-04
3.174782448635198127e-04
3.169993638967136436e-04
3.165121491786390272e-04
3.160167719210779116e-04
3.155145315739697125e-04
3.150033309568949793e-04
3.144833365036702561e-04
3.139558395258390771e-04
3.134198711771894719e-04
3.128755896973493844e-04
3.123220262941652729e-04
3.117604602030068974e-04
3.111899193223831577e-04
3.106105541691052538e-04
3.100213925965462610e-04
3.094237016375513041e-04
3.088176234539034880e-04
3.082021808134593533e-04
3.075786290724154444e-04
3.069459875783641213e-04
3.063032772294486104e-04
3.056528571906312001e-04
3.049937416428971453e-04
3.043260563721505454e-04
3.036488094783492092e-04
3.029632029316871398e-04
3.022682121476390964e-04
3.015639199420827154e-04
3.008504064610014340e-04
3.001288527956218633e-04
2.993971254865324268e-04
2.986575028654302557e-04
2.979078504865938356e-04
2.971504371465708808e-04
2.963831274539609575e-04
2.956081807421600551e-04
2.948234607276401680e-04
2.940301222939825329e-04
2.932293135466605802e-04
2.924188969926514521e-04
2.916000168107709691e-04
2.907738104934904939e-04
2.899381395302983409e-04
2.890952263763316979e-04
2.882440196520838884e-04
2.873834698471908265e-04
2.865157860954598750e-04
2.856399132609982591e-04
2.847569651492577107e-04
2.838648018374780794e-04
2.829656152204783337e-04
2.820583456269108963e-04
2.811440941216656383e-04
2.802228772770034302e-04
2.792947096630403817e-04
2.783596038872901586e-04
2.774175706345508594e-04
2.764686187070631586e-04
2.755149013225934702e-04
2.745532011676531992e-04
2.735856668760580277e-04
2.726133671004240611e-04
2.716341576536583386e-04
2.706491049113725887e-04
2.696582025847642163e-04
2.686614428341918505e-04
2.676598812519208901e-04
2.666535039658940237e-04
2.656412327696210151e-04
2.646251778193388382e-04
2.636042571636734049e-04
2.625784514707154324e-04
2.615487990049198547e-04
2.605142170549909985e-04
2.594757296755316987e-04
2.584332608667582322e-04
2.573867239478369725e-04
2.563360313895595918e-04
2.552821476896773955e-04
2.542239288953338427e-04
2.531633868397082038e-04
2.520983253039480289e-04
2.510317996309832569e-04
2.499616133331735162e-04
2.488897647515447191e-04
2.478151061386578381e-04
2.467385829829085654e-04
2.456590485713003162e-04
2.445784884511465699e-04
2.434957541365249142e-04
2.424117826303193775e-04
2.413254267975685572e-04
2.402386601091694330e-04
2.391492960002620583e-04
2.380603406648665495e-04
2.369696082376764393e-04
2.358780257879266652e-04
2.347875505386701265e-04
2.336949663488196516e-04
2.326032616839473338e-04
2.315112887477992437e-04
2.304199641883150358e-04
2.293291717309417087e-04
2.282377670646814976e-04
2.271476919483532148e-04
2.260578017090325695e-04
2.249690066649332203e-04
2.238811892748207718e-04
2.227952559195529891e-04
2.217110871389930482e-04
2.206275424684894402e-04
2.195465476375740301e-04
2.184679820787163306e-04
2.173917258962626607e-04
2.163176599039808750e-04
2.152466824501422067e-04
2.141776571908424827e-04
2.131124970734980871e-04
2.120500664878094573e-04
2.109902475020954083e-04
2.099339351652382811e-04
2.088810105925793662e-04
2.078323660641514560e-04
2.067868726433758628e-04
2.057454183900720346e-04
2.047078637381770274e-04
2.036750723330810978e-04
2.026458943150880444e-04
2.016221984844484021e-04
2.006018329311543187e-04
1.995866652756708660e-04
1.985765534614737312e-04
1.975703559156515997e-04
1.965699358615711622e-04
1.955741534967503934e-04
1.945838702267093138e-04
1.935989480047625396e-04
1.926192501870298865e-04
1.916446415441326611e-04
1.906759826581344011e-04
1.897131384099591577e-04
1.887559751352638009e-04
1.878043606347695987e-04
1.868591549084859895e-04
1.859192361693765829e-04
1.849864544799229276e-04
1.840596901578381403e-04
1.831398028516107910e-04
1.822266639407107730e-04
1.813201463585274351e-04
1.804201246039708424e-04
1.795264747535139287e-04
1.786400570324338537e-04
1.777607480073223746e-04
1.768874451108893382e-04
1.760219905862515899e-04
1.751632842570100641e-04
1.743121873381004436e-04
1.734676048058461770e-04
1.726303994724931218e-04
1.718014322959723927e-04
1.709786389267580061e-04
1.701638583143349744e-04
1.693569786333197632e-04
1.685569180277435221e-04
1.677645418839662078e-04
1.669797438152738475e-04
1.662014501099327412e-04
1.654314973201206408e-04
1.646697820016195652e-04
1.639152360836830307e-04
1.631677625767228017e-04
1.624282311843678976e-04
1.616965461434214941e-04
1.609726163295577869e-04
1.602563633060981557e-04
1.595477132400557028e-04
1.588475546180643030e-04
1.581548553110812959e-04
1.574695472639334767e-04
1.567925221436323124e-04
1.561227562314202247e-04
1.554611433245359361e-04
1.548076204924880351e-04
1.541611724007332191e-04
1.535226960158152796e-04
1.528921341525722559e-04
1.522694315192272402e-04
1.516535838155637025e-04
1.510464421199960534e-04
1.504470049754424803e-04
1.498552244900155060e-04
1.492701071052326544e-04
1.486935042728225627e-04
1.481244250921420085e-04
1.475628286919114594e-04
1.470096199387729797e-04
1.464628723297772687e-04
1.459244372046012111e-04
1.453923946475887984e-04
1.448685957292360248e-04
1.443520667902710030e-04
1.438418390155384084e-04
1.433397628045144365e-04
1.428448713127744162e-04
1.423571388680730662e-04
1.418756054836217023e-04
1.414021201428915112e-04
1.409347905677749027e-04
1.404754648097778923e-04
1.400222562749290213e-04
1.395760804916423023e-04
1.391359895012294365e-04
1.387038290621659005e-04
1.382767945217496907e-04
1.378567327824071305e-04
1.374436304591860020e-04
1.370365486068896466e-04
1.366354781143296439e-04
1.362404107229850381e-04
1.358513390027024398e-04
1.354682563292588420e-04
1.350911568638070979e-04
1.347200355342036018e-04
1.343548939985354329e-04
1.339948386243426225e-04
1.336399047176756530e-04
1.332910464344193335e-04
1.329464628650620312e-04
1.326080267535485833e-04
1.322748573932198317e-04
1.319469928981374879e-04
1.316235577126429238e-04
1.313055068656716852e-04
1.309928800903041232e-04
1.306848058654056812e-04
1.303804164267048681e-04
1.300815782970472833e-04
1.297874239605800988e-04
1.294979982171870882e-04
1.292124386164922702e-04
1.289307934038735253e-04
1.286540175114874232e-04
1.283812524345082225e-04
1.281125479452653831e-04
1.278479543130590478e-04
1.275875222963380930e-04
1.273304009383014552e-04
1.270766443238460959e-04
1.268272075971945995e-04
1.265803437144070315e-04
1.263370094614967650e-04
1.260972606190834252e-04
1.258611533426436298e-04
1.256278474710288001e-04
1.253974021909781862e-04
1.251689818809214769e-04
1.249444372522470661e-04
1.247220388493941771e-04
1.245027419125041372e-04
1.242857147653017623e-04
1.240710201496413804e-04
1.238587208697889297e-04
1.236488797487202628e-04
1.234406707244699937e-04
1.232350469288315297e-04
1.230311836514174598e-04
1.228291456397395253e-04
1.226289974146280550e-04
1.224299182276017450e-04
1.222328585264482071e-04
1.220369983914821129e-04
1.218432859142335513e-04
1.216500198788603469e-04
1.214581515571079839e-04
1.212677619025990248e-04
1.210771753622934456e-04
1.208891160279914283e-04
1.207010294595067151e-04
1.205138788565063583e-04
1.203277469101286915e-04
1.201418395705098485e-04
1.199562399158673255e-04
1.197719043225248118e-04
1.195880380224112499e-04
1.194038482143137367e-04
1.192202880964955670e-04
1.190374354604858183e-04
1.188544964442706046e-04
1.186715488270157919e-04
1.184886692289920145e-04
1.183059331027990749e-04
1.181225471998295477e-04
1.179394536470863776e-04
1.177558583369902559e-04
1.175718342618714481e-04
1.173883177878554872e-04
1.172036497462920573e-04
1.170187649396872589e-04
1.168328694334794710e-04
1.166468942890696713e-04
1.164600448356359835e-04
1.162732484727615340e-04
1.160848505143242878e-04
1.158957770017592396e-04
1.157060921296306996e-04
1.155158591057077374e-04
1.153242837613220796e-04
1.151314296080340220e-04
1.149373592427568267e-04
1.147429885919457119e-04
1.145466693317517912e-04
1.143493164158243541e-04
1.141509890306890626e-04
1.139508942646061510e-04
1.137499424884033731e-04
1.135473407061274569e-04
1.133431472043394862e-04
1.131374195355840188e-04
1.129310622080565026e-04
1.127224352584069628e-04
1.125124424954853855e-04
1.123002931066809134e-04
1.120868880435451774e-04
1.118722795369865374e-04
1.116556715239912538e-04
1.114371116929914821e-04
1.112166470165879987e-04
1.109951649507588120e-04
1.107710278519363203e-04
1.105459621653925726e-04
1.103183315501893991e-04
1.100898580020931975e-04
1.098589063805226288e-04
1.096263571918760225e-04
1.093914147388612656e-04
1.091549562859135664e-04
1.089161856667368800e-04
1.086759767808345597e-04
1.084343662705767740e-04
1.081897243092444218e-04
1.079437536227038940e-04
1.076964875845189639e-04
1.074462972140013224e-04
1.071948775513645330e-04
1.069414292143526361e-04
1.066868113787018170e-04
1.064293957427292568e-04
1.061708667200761023e-04
1.059104225982449661e-04
1.056472631143275803e-04
1.053830644991433620e-04
1.051170230797864171e-04
1.048499838599897062e-04
1.045803188629779916e-04
1.043088710278999718e-04
1.040356575874102539e-04
1.037606944033791541e-04
1.034848161651010933e-04
1.032063949642342249e-04
1.029262635036054611e-04
1.026452504329547055e-04
1.023625454949942477e-04
1.020773399227601247e-04
1.017912746976469009e-04
1.015043533691943617e-04
1.012149489247491589e-04
1.009246948409995415e-04
1.006327780417188287e-04
1.003400125233813711e-04
1.000455846279080642e-04
9.974949383796400792e-05
9.945254944356109259e-05
9.915393731333394065e-05
9.885365114321035184e-05
9.855328743903085946e-05
9.825039358959658639e-05
9.794736824322140020e-05
9.764256854187602452e-05
9.733677444732384749e-05
9.702995767434092035e-05
9.672128509731143847e-05
9.641233786374911506e-05
9.610147859042315833e-05
9.579028552917798146e-05
9.547712383523745505e-05
9.516356905713712917e-05
9.484878965986032510e-05
9.453275678501678314e-05
9.421624096607593044e-05
9.389841299700001694e-05
9.358004240092814127e-05
9.326030165403670867e-05
9.294075599704185186e-05
9.261978169744085570e-05
9.229814649051617224e-05
9.197661571762808907e-05
9.165357029410084130e-05
9.133057004466183209e-05
9.100679166806891190e-05
9.068220674498241810e-05
9.035757845402852162e-05
9.003287679934986198e-05
8.970728184994136245e-05
8.938155530910698308e-05
8.905566759198754387e-05
8.872958919656092236e-05
8.840407817668213082e-05
8.807752944769136748e-05
8.775148792828549695e-05
8.742513662497111303e-05
8.709923088818191954e-05
8.677295481994878922e-05
8.644706221960836586e-05
8.612152114085761109e-05
8.579629942654904242e-05
8.547058296510874240e-05
8.514590315556324772e-05
8.482222511746559824e-05
8.449795406227057976e-05
8.417539576688887865e-05
8.385295539306936803e-05
8.353059860580880997e-05
8.320984520113666781e-05
8.288910066802179593e-05
8.256986965211560810e-05
8.225054761230801844e-05
8.193263363585201334e-05
8.161529917636309653e-05
8.129926484584715284e-05
8.098447563887641162e-05
8.067010410962109613e-05
8.035609669350038918e-05
8.004394154847139739e-05
7.973281071942357539e-05
7.942187867079211565e-05
7.911339861532432831e-05
7.880500559538228657e-05
7.849818133204159235e-05
7.819210107755718514e-05
7.788747592017761093e-05
7.758424874953280710e-05
7.728236276877021996e-05
7.698099683969878316e-05
7.668162504843277765e-05
7.638342659433120690e-05
7.608634659514078790e-05
7.579033081383894626e-05
7.549608735836846069e-05
7.520280061359655322e-05
7.491117907324404131e-05
7.462116988353509849e-05
7.433272115063195996e-05
7.404502342840541527e-05
7.375954464766931425e-05
7.347547692841231444e-05
7.319277272494799304e-05
7.291138568560436484e-05
7.263202620416425064e-05
7.235464858998878312e-05
7.207845413277856595e-05
7.180415524281272418e-05
7.153095703423995749e-05
7.125957333445051610e-05
7.099071687150596010e-05
7.072284543580167990e-05
7.045667497970844225e-05
7.019254529454299412e-05
6.993012170834556681e-05
6.966959596282620772e-05
6.941086097680432439e-05
6.915403538191629155e-05
6.889901433571988620e-05
6.864591826120338065e-05
