0.000000000000000000e+00
0.000000000000000000e+00
3.073184395590109030e+00
1.848077528459039387e+00
1.112863490586068815e+00
6.746813341050125201e-01
4.124985144427573136e-01
2.546035370026561440e-01
1.594186622689808819e-01
1.021132695970733972e-01
6.807160019987348876e-02
4.836528716980134646e-02
3.741251244503888962e-02
3.138880378753770850e-02
2.783157668525803805e-02
2.552934153496243599e-02
2.391021980478822556e-02
2.255857796852939537e-02
2.126171299644317655e-02
2.002533962851874016e-02
1.875914899921851328e-02
1.758998908538276021e-02
1.656286692479738351e-02
1.567697990903583333e-02
1.491909221748042962e-02
1.422235410110693141e-02
1.362691749704179889e-02
1.309971145267514042e-02
1.256653386533903433e-02
1.205397619117029410e-02
1.150291308647887617e-02
1.096950734616896836e-02
1.040596204868442926e-02
9.817248407773135344e-03
9.228897692517154527e-03
8.620038007068715410e-03
8.061356541366526685e-03
7.510974080036820176e-03
6.966431672085645309e-03
6.432794761149727807e-03
5.911872151393097151e-03
5.404784428660497873e-03
4.911105330490063946e-03
4.428773253213952842e-03
3.950920267649506851e-03
3.470882735781200511e-03
2.985899716352125813e-03
2.499217317555698509e-03
2.014854694954317568e-03
1.536386852596049579e-03
1.067159447198842443e-03
6.097012992645847208e-04
1.645982159799127588e-04
-2.685271285833533959e-04
-6.918646360518536983e-04
-1.108092025929057270e-03
-1.520405424162584460e-03
-1.930022914364511394e-03
-2.336386423436311380e-03
-2.738511137265014356e-03
-3.134837893878173430e-03
-3.524109322856370206e-03
-3.906156774302629864e-03
-4.281097498979311196e-03
-4.649043909022851188e-03
-5.010201683398807747e-03
-5.364831190477390398e-03
-5.712256467817931720e-03
-6.051664947537203215e-03
-6.382393465225894361e-03
-6.704117092901812000e-03
-7.017003493308883282e-03
-7.322714955526117564e-03
-7.622863993450282663e-03
-7.917695636494118464e-03
-8.207072353965927033e-03
-8.490733464009025955e-03
-8.767318235503484408e-03
-9.036587428473460276e-03
-9.298634570985805578e-03
-9.553701561890703617e-03
-9.801795210800155408e-03
-1.004274322352018828e-02
-1.027652253283846580e-02
-1.050286278557744334e-02
-1.072184980320136163e-02
-1.093326335537625656e-02
-1.113710470839031699e-02
-1.133338835522311287e-02
-1.152219712968658924e-02
-1.170373165090424564e-02
-1.187801274299702184e-02
-1.204526503608554198e-02
-1.220548487249880146e-02
-1.235888743223363152e-02
-1.250547452810110705e-02
-1.264530675183269878e-02
-1.277844837434219047e-02
-1.290496685030203400e-02
-1.302488522588063358e-02
-1.313823261473064802e-02
-1.324504355947956485e-02
-1.334549072756557701e-02
-1.343943585240569075e-02
-1.352701467025928597e-02
-1.360823390501190652e-02
-1.368306538947861029e-02
-1.375161084200535698e-02
-1.381389175886294472e-02
-1.386989546562155534e-02
-1.391973106449399290e-02
-1.396346663309749186e-02
-1.400105368985811276e-02
-1.403263231163639005e-02
-1.405819608259903028e-02
-1.407781444033939441e-02
-1.409155742345438896e-02
-1.409946171388081967e-02
-1.410156657950556447e-02
-1.409797897722568118e-02
-1.408873932759741564e-02
-1.407389005917052127e-02
-1.405353759855343734e-02
-1.402772474729809850e-02
-1.399649585908840053e-02
-1.395995593072712170e-02
-1.391817826968401450e-02
-1.387120684088233129e-02
-1.381914325231334284e-02
-1.376205877367021706e-02
-1.369999653301562023e-02
-1.363305548748799251e-02
-1.356130921689755429e-02
-1.348485732860329848e-02
-1.340374514073596444e-02
-1.331812009385721640e-02
-1.322799879534115354e-02
-1.313347384180362648e-02
-1.303465967062972068e-02
-1.293164293561269336e-02
-1.282450800538873642e-02
-1.271336034866750800e-02
-1.259825601969746973e-02
-1.247931831667927448e-02
-1.235662132360457535e-02
-1.223021521125035663e-02
-1.210023653009065919e-02
-1.196670924792123114e-02
-1.182974266901250064e-02
-1.168940042450934171e-02
-1.154574461306559149e-02
-1.139887494453645927e-02
-1.124888143483782597e-02
-1.109584954364148043e-02
-1.093990101029221167e-02
-1.078109494389224883e-02
-1.061954605277213096e-02
-1.045532699986837823e-02
-1.028852669163107976e-02
-1.011923085851668645e-02
-9.947540301321182790e-03
-9.773516209640382632e-03
-9.597270892161582218e-03
-9.418842394269823573e-03
-9.238354149324631490e-03
-9.055856442720385674e-03
-8.871448556782322165e-03
-8.685209274264627660e-03
-8.497263776999863447e-03
-8.307683387375391915e-03
-8.116552853859959268e-03
-7.923953652470455342e-03
-7.729979803933384810e-03
-7.534706087720449350e-03
-7.338219735255893487e-03
-7.140634827164698585e-03
-6.942015038840908953e-03
-6.742433377542522352e-03
-6.541973873802336449e-03
-6.340702694062463896e-03
-6.138712053200718298e-03
-5.936090405750235263e-03
-5.732908581926833211e-03
-5.529248415012391268e-03
-5.325202104497066616e-03
-5.120803790742609572e-03
-4.916166795486700408e-03
-4.711346628463356813e-03
-4.506435931728076244e-03
-4.301497506861904491e-03
-4.096617270992895972e-03
-3.891877563428546190e-03
-3.687319497805642728e-03
-3.483019836234245003e-03
-3.279076801171585797e-03
-3.075547880554869995e-03
-2.872524371390684696e-03
-2.670069813348822929e-03
-2.468256873278875697e-03
-2.267143402267263446e-03
-2.066819577545139872e-03
-1.867324529912974462e-03
-1.668747465083201056e-03
-1.471116234923992112e-03
-1.274501970843355727e-03
-1.078961707803916849e-03
-8.845390314129895556e-04
-6.912766217551599441e-04
-4.992474119803969263e-04
-3.085116541547075356e-04
-1.191301269586342993e-04
6.884029891307171520e-05
2.553434038681459553e-04
4.403266862872451848e-04
6.237391856639513347e-04
8.055284192401430520e-04
9.856432625115344511e-04
1.164031936286605371e-03
1.340659655649507464e-03
1.515470098695356673e-03
1.688430554341693738e-03
1.859481413434578741e-03
2.028603383730066736e-03
2.195731620848660921e-03
2.360841106687266468e-03
2.523871483382272157e-03
2.684801402822924003e-03
2.843583713091436815e-03
3.000182350750986091e-03
3.154563015324956567e-03
3.306693106748673141e-03
3.456532955969246045e-03
3.604053409195693679e-03
3.749218272156643918e-03
3.891993108076188899e-03
4.032362007824026422e-03
4.170285096924286443e-03
4.305732646581510170e-03
4.438684663217955413e-03
4.569114219253594435e-03
4.696979678270433306e-03
4.822281331339635727e-03
4.944980316773744250e-03
5.065055327444169600e-03
5.182501907182867837e-03
5.297293052242782810e-03
5.409418532486336313e-03
5.518861365365680324e-03
5.625598090271800335e-03
5.729629024088776085e-03
5.830932692951443230e-03
5.929481610896335589e-03
6.025272271648144870e-03
6.118287436486176227e-03
6.208503727173486121e-03
6.295920469930755756e-03
6.380523348229605665e-03
6.462320127242581619e-03
6.541276942295382729e-03
6.617500104812655201e-03
6.690845576684239376e-03
6.761447227442038584e-03
6.829232161734389954e-03
6.894264623398157522e-03
6.956473981628251251e-03
7.015990849088969000e-03
7.072679543631643292e-03
7.126539348807870052e-03
7.177699533941719022e-03
7.226028966041853074e-03
7.271655987385754888e-03
7.314452359309150942e-03
7.354545466941773101e-03
7.391872249602428856e-03
7.426557747244546051e-03
7.458477845826088672e-03
7.487756636499503203e-03
7.514333246020327151e-03
7.538209137986209840e-03
7.559505647994364114e-03
7.578163112478633785e-03
7.594241757246737376e-03
7.607742023927257548e-03
7.618664731865762256e-03
7.627011064473458203e-03
7.632839817322401368e-03
7.636208527881575489e-03
7.637117037263429012e-03
7.635509472504131701e-03
7.631554616939454846e-03
7.625140438659295389e-03
7.616378022393221862e-03
7.605266660107480245e-03
7.591860174197950957e-03
7.576103623989294961e-03
7.558104224135826603e-03
7.537860440049866731e-03
7.515318347686973828e-03
7.490582914988164198e-03
7.463704584684468200e-03
7.434681062138742344e-03
7.403561009127211483e-03
7.370389177057993027e-03
7.335208689305811394e-03
7.298061801361752782e-03
7.258939910228687405e-03
7.217884568705678835e-03
7.174936497453803658e-03
7.130135602781318034e-03
7.083520993996007299e-03
7.035131000336916282e-03
6.984906984798985342e-03
6.932983197781562162e-03
6.879348218687139985e-03
6.824038305036942038e-03
6.767088996155089069e-03
6.708535128170511376e-03
6.648457149185326397e-03
6.586841651453963220e-03
6.523721456219722277e-03
6.459174175768441287e-03
6.393230504513401288e-03
6.325875656245518765e-03
6.257184558478307707e-03
6.187230445450826559e-03
6.115996790407544383e-03
6.043555169033189289e-03
5.969888511457245930e-03
5.895066789563589878e-03
5.819201392667418087e-03
5.742230214364967694e-03
5.664220164079567833e-03
5.585194434645323995e-03
5.505259692208268330e-03
5.424395010469430269e-03
5.342662976945422755e-03
5.260083559645133654e-03
5.176758283646576767e-03
5.092664152123525800e-03
5.007900256552293324e-03
4.922482916294539969e-03
4.836428124332403135e-03
4.749751553799825415e-03
4.662547677710212127e-03
4.574790845321105234e-03
4.486534238050861496e-03
4.397790977774451195e-03
4.308612571498178501e-03
4.219010949696579658e-03
4.129112429116480951e-03
4.038888504830731065e-03
3.948424125753483005e-03
3.857762629488180155e-03
3.766908500542976226e-03
3.675977546516207700e-03
3.584935251576215620e-03
3.493821314962195900e-03
3.402674544920547984e-03
3.311532877291870503e-03
3.220397279717340713e-03
3.129340511503396483e-03
3.038312276663953510e-03
2.947401889273757597e-03
2.856636633791606508e-03
2.766046685021544133e-03
2.675668518852625764e-03
2.585537786549879213e-03
2.495682420011909302e-03
2.406140021462348146e-03
2.316940505179379637e-03
2.228109699402529200e-03
2.139682979300830921e-03
2.051684824987647007e-03
1.964145836489000502e-03
1.877095911317974057e-03
1.790554328298951583e-03
1.704553073490181099e-03
1.619113574909414061e-03
1.534260008424176902e-03
1.450019222545807611e-03
1.366414217495672771e-03
1.283464242351534676e-03
1.201194460374747268e-03
1.119629445432143234e-03
1.038796351058963400e-03
9.587154183936388114e-04
8.794157735527855565e-04
8.009165459954959267e-04
7.232425836247845935e-04
6.464150742695927649e-04
5.704546969671675429e-04
4.953816323475159628e-04
4.212155728085267511e-04
3.479727182073167474e-04
2.756688609585036180e-04
2.043253621936383824e-04
1.339568374537018064e-04
6.458018544736096719e-05
-3.790173368927241990e-06
-7.113872742026700210e-05
-1.374511142550895431e-04
-2.027135600318152018e-04
-2.669121378524948358e-04
-3.300343579761735435e-04
-3.920662364117524215e-04
-4.529958527284574346e-04
-5.128141481393436738e-04
-5.715047379219036173e-04
-6.290572371220867548e-04
-6.854615492148950816e-04
-7.407050902334931259e-04
-7.947866317479998499e-04
-8.476940831287343298e-04
-8.994265917012607327e-04
-9.499752569305196497e-04
-9.993368413011899289e-04
-1.047508254100749285e-03
-1.094478514897136504e-03
-1.140247596213688494e-03
-1.184807598157078517e-03
-1.228156133174277808e-03
-1.270288314674962796e-03
-1.311196816054897634e-03
-1.350879735521210052e-03
-1.389335288729816103e-03
-1.426561805917317708e-03
-1.462567992576656404e-03
-1.497354809744384828e-03
-1.530925821157045393e-03
-1.563287132304511757e-03
-1.594437257117875800e-03
-1.624384839992459471e-03
-1.653133450643903043e-03
-1.680681699812007447e-03
-1.707038186110424946e-03
-1.732201579480714768e-03
-1.756177994756501388e-03
-1.778971067672391413e-03
-1.800584437767975120e-03
-1.821021747640109469e-03
-1.840293858311917207e-03
-1.858406712863714836e-03
-1.875368597075658316e-03
-1.891182966988853289e-03
-1.905860367675104227e-03
-1.919408866976131996e-03
-1.931836450757242222e-03
-1.943160346480902329e-03
-1.953390574092093469e-03
-1.962539344258828165e-03
-1.970621008561813242e-03
-1.977647081395242888e-03
-1.983625255244432506e-03
-1.988565063487032335e-03
-1.992473665537833859e-03
-1.995360396860154390e-03
-1.997232241017672660e-03
-1.998098339758468123e-03
-1.997963284474984103e-03
-1.996842687934617666e-03
-1.994751939716588301e-03
-1.991682103531918109e-03
-1.987711721563369897e-03
-1.982809398701304050e-03
-1.977009217141690971e-03
-1.970323176429103051e-03
-1.962784557266865435e-03
-1.954383399025954281e-03
-1.945152476183889751e-03
-1.935102867974763637e-03
-1.924245499878766627e-03
-1.912570151009639194e-03
-1.900129523663762060e-03
-1.886892192651883635e-03
-1.872930941968432590e-03
-1.858214148667347489e-03
-1.842772416248661740e-03
-1.826635864309942041e-03
-1.809813750903337300e-03
-1.792343624314202610e-03
-1.774217957913142062e-03
-1.755465608676514680e-03
-1.736102948432921393e-03
-1.716148095055053694e-03
-1.695618886622721937e-03
-1.674530905390374030e-03
-1.652903438488940524e-03
-1.630751544915001955e-03
-1.608095919711021024e-03
-1.584956933887169414e-03
-1.561352699248445613e-03
-1.537304908798554828e-03
-1.512829141316294644e-03
-1.487948398461719137e-03
-1.462675775098151113e-03
-1.437035568266337767e-03
-1.411042223685471993e-03
-1.384715617665677407e-03
-1.358075312493013708e-03
-1.331138690419915189e-03
-1.303920995618544935e-03
-1.276442522508745500e-03
-1.248722143946848001e-03
-1.220774477378001486e-03
-1.192623077018712015e-03
-1.164283817238710847e-03
-1.135774138953305010e-03
-1.107111205439438931e-03
-1.078313711569063452e-03
-1.049398256580085951e-03
-1.020382965621122792e-03
-9.912821069415469945e-04
-9.621132737570954521e-04
-9.328937784400661648e-04
-9.036371303593303131e-04
-8.743601338733306312e-04
-8.450810741442292984e-04
-8.158127161647386926e-04
-7.865728265142855370e-04
-7.573771586834026227e-04
-7.282394905586119524e-04
-6.991768098278099836e-04
-6.702024132792485560e-04
-6.413310854619151897e-04
-6.125790695588542592e-04
-5.839589682958837768e-04
-5.554848632656065373e-04
-5.271706088384460042e-04
-4.990315066685068867e-04
-4.710776187242615796e-04
-4.433271326626143254e-04
-4.157913386642953825e-04
-3.884879258758127817e-04
-3.614261033579010463e-04
-3.346230947508266893e-04
-3.080893397200902724e-04
-2.818415917928477048e-04
-2.558882607053625854e-04
-2.302424425737974298e-04
-2.049170220254832066e-04
-1.799214801402649092e-04
-1.552667318540577033e-04
-1.309650991370736898e-04
-1.070260184590503841e-04
-8.345971393574017224e-05
-6.027514345856178343e-05
-3.748127160065970321e-05
-1.508722483844527913e-05
6.898642587138033243e-06
2.846729745581193184e-05
4.961050332828356019e-05
7.031943413886061897e-05
9.058547587180238640e-05
1.104001207729580136e-04
1.297553062145325787e-04
1.486426507299661048e-04
1.670540628531334002e-04
1.849830877424480735e-04
2.024212869913230052e-04
2.193649836312689609e-04
2.358076006452190418e-04
2.517426733108578093e-04
2.671682727314184233e-04
2.820751664498524487e-04
2.964601297613094627e-04
3.103200018478980793e-04
3.236516845974115784e-04
3.364492429559520184e-04
3.487111754602752450e-04
3.604345802419406755e-04
3.716166134276110218e-04
3.822530590192226561e-04
3.923454729462337153e-04
4.018897298981236044e-04
4.108874348992363860e-04
4.193387776651464195e-04
4.272425567781010952e-04
4.345976029737641261e-04
4.414027784025217741e-04
4.476611454317974866e-04
4.533715838168630649e-04
4.585330030310133293e-04
4.631457171357721914e-04
4.672114205458759379e-04
4.707290656707416570e-04
4.737003553779045345e-04
4.761256253627486586e-04
4.780092760604788896e-04
4.793529650915355511e-04
4.801596825326795936e-04
4.804310509584794830e-04
4.801713502111238751e-04
4.793808246607907260e-04
4.780650260071122736e-04
4.762281208901368579e-04
4.738742297678953533e-04
4.710074272506154327e-04
4.676304350713894717e-04
4.637498562462585286e-04
4.593683181069827415e-04
4.544923039068501773e-04
4.491197971310194434e-04
4.432737308060996596e-04
4.369485783450776034e-04
4.301506742388102027e-04
4.228850024219425979e-04
4.151577557280386704e-04
4.069725215539150387e-04
3.983366267883013852e-04
3.892573070029608714e-04
3.797392028641534043e-04
3.697881465809893888e-04
3.594098979856745219e-04
3.486113853500569042e-04
3.374006859728860401e-04
3.257857750418071937e-04
3.137769828110837495e-04
3.013808357413841018e-04
2.886074378850212352e-04
2.754643319732317857e-04
2.619601767837953857e-04
2.481023120513409751e-04
2.339003925199340569e-04
2.193627485958597441e-04
2.044964069874767620e-04
1.893094969319974227e-04
1.738112322089690467e-04
1.580083373809584933e-04
1.419098131740417605e-04
1.255268999793326663e-04
1.088683455113710212e-04
9.194278441970733893e-05
7.476107298095187325e-05
5.733043862242898124e-05
3.966149253919664866e-05
2.176424678457318149e-05
3.648238361465337660e-06
-1.467643021142838967e-05
-3.319978711839969307e-05
-5.191233206494722213e-05
-7.080436951053963349e-05
-8.986623898003951642e-05
-1.090874104415755777e-04
-1.284573999473236929e-04
-1.479656570224819766e-04
-1.676019918148079321e-04
-1.873563466373921434e-04
-2.072175697859628964e-04
-2.271777611139364807e-04
-2.472238137952114225e-04
-2.673472010630148976e-04
-2.875363728709404154e-04
-3.077816771898840022e-04
-3.280748432864669453e-04
-3.484066196454557664e-04
-3.687678754574007884e-04
-3.891474332410788692e-04
-4.095385781390037199e-04
-4.299293032931186028e-04
-4.503120481841362812e-04
-4.706772126405157843e-04
-4.910153211284463450e-04
-5.113180845933045556e-04
-5.315752022697368268e-04
-5.517775632274658998e-04
-5.719172288302763621e-04
-5.919853140566633297e-04
-6.119720018731809874e-04
-6.318686462217530317e-04
-6.516677548205690928e-04
-6.713598576331208326e-04
-6.909366417490271422e-04
-7.103909344357590017e-04
-7.297125705822013692e-04
-7.488956185219612606e-04
-7.679301346826667134e-04
-7.868083420231203893e-04
-8.055235814747698560e-04
-8.240652263776270577e-04
-8.424258169756525466e-04
-8.605979904757012945e-04
-8.785714649146051606e-04
-8.963400959955200456e-04
-9.138948233395966436e-04
-9.312306861652952777e-04
-9.483408042077698125e-04
-9.652134345794316072e-04
-9.818537670127393258e-04
-9.982551246611266662e-04
-1.014401099146173971e-03
-1.030285269746550976e-03
-1.045911059523532650e-03
-1.061272127930259958e-03
-1.076362215765162226e-03
-1.091165467315716132e-03
-1.105685514990287525e-03
-1.119906715250573552e-03
-1.133832799002468987e-03
-1.147448330012629768e-03
-1.160757133826235141e-03
-1.173753488415213040e-03
-1.186431749341510878e-03
-1.198786363575834665e-03
-1.210821284021323984e-03
-1.222512213910707541e-03
-1.233872647747048064e-03
-1.244887882015253662e-03
-1.255562034550202757e-03
-1.265899183295989298e-03
-1.275875550849066547e-03
-1.285504616420746508e-03
-1.294781274342561095e-03
-1.303691287935931659e-03
-1.312238922007557184e-03
-1.320419256739367372e-03
-1.328236549637037923e-03
-1.335685924325328601e-03
-1.342753497386749324e-03
-1.349443626767945570e-03
-1.355751610949388177e-03
-1.361690787008413769e-03
-1.367247450650335878e-03
-1.372425935612770669e-03
-1.377230531810632545e-03
-1.381656593660398388e-03
-1.385699530232253071e-03
-1.389372490551120604e-03
-1.392662026213013987e-03
-1.395581222819633092e-03
-1.398107943677220346e-03
-1.400264029048997388e-03
-1.402044915578209029e-03
-1.403437393027479919e-03
-1.404454422300308730e-03
-1.405082870999901099e-03
-1.405344262888909637e-03
-1.405225471771655125e-03
-1.404730677297280411e-03
-1.403864015137035615e-03
-1.402621042416562396e-03
-1.400997364999797060e-03
-1.399014103467964521e-03
-1.396666753583105823e-03
-1.393950859598004676e-03
-1.390870434225808085e-03
-1.387429447118462833e-03
-1.383640200702834127e-03
-1.379489805922982232e-03
-1.374990503049272790e-03
-1.370146092452228419e-03
-1.364960332924196372e-03
-1.359428556155737114e-03
-1.353553900299526514e-03
-1.347355789286176731e-03
-1.340820644082242564e-03
-1.333959558701126825e-03
-1.326775352343588206e-03
-1.319270812133519714e-03
-1.311464918591154563e-03
-1.303344084733151602e-03
-1.294919073344151994e-03
-1.286192482500948288e-03
-1.277166879859704127e-03
-1.267852809603716617e-03
-1.258236744887969482e-03
-1.248337156174735658e-03
-1.238148485320661810e-03
-1.227673151661555799e-03
-1.216913545541745915e-03
-1.205887793240666183e-03
-1.194598105178085483e-03
-1.183046664481146853e-03
-1.171235627229263174e-03
-1.159182724755674016e-03
-1.146889938998769693e-03
-1.134359226532627007e-03
-1.121608000544037972e-03
-1.108630327259168104e-03
-1.095443431927387934e-03
-1.082041313728837563e-03
-1.068448674685001064e-03
-1.054659390203070918e-03
-1.040682637647726743e-03
-1.026512288724935060e-03
-1.012165023157270355e-03
-9.976346517566814578e-04
-9.829225875987519963e-04
-9.680452759124798809e-04
-9.529889612911379357e-04
-9.377774618627801075e-04
-9.224044728147225277e-04
-9.069009982445600188e-04
-8.912605663972842729e-04
-8.754990026315924954e-04
-8.596245728837433953e-04
-8.436528292365594837e-04
-8.275770903191661219e-04
-8.114127509017265028e-04
-7.951604049349065119e-04
-7.788279358575087323e-04
-7.624085746931339109e-04
-7.459245654866364893e-04
-7.293684956004210405e-04
-7.127473689299070351e-04
-6.960753250420432950e-04
-6.793447764794709100e-04
-6.625769075137571832e-04
-6.457568970671877196e-04
-6.289129058160298482e-04
-6.120371975139205379e-04
-5.951363161608768998e-04
-5.782252404853815281e-04
-5.613096048883046627e-04
-5.443978035747920607e-04
-5.274974389601769448e-04
-5.106160330912144253e-04
-4.937610285564133150e-04
-4.769362974482627593e-04
-4.601428815784777801e-04
-4.433838919235776315e-04
-4.266624036822114262e-04
-4.099807651789661432e-04
-3.933406067714456948e-04
-3.767456026551862245e-04
-3.602041925303486338e-04
-3.437260993829334508e-04
-3.273209473695224878e-04
-3.109982628993533216e-04
-2.947661157739248062e-04
-2.786345282729964625e-04
-2.626113914288232161e-04
-2.466984401167345085e-04
-2.308987348328903348e-04
-2.152126149301857093e-04
-1.996417526382639359e-04
-1.841884686683320949e-04
-1.688530565061637119e-04
-1.536391301608608872e-04
-1.385515932255190503e-04
-1.235986103931909527e-04
-1.087862832105984310e-04
-9.412262924706610561e-05
-7.961361403924521621e-05
-6.526645534641627492e-05
-5.108764500898490369e-05
-3.707969301802214817e-05
-2.324684132260156926e-05
-9.591079614057493541e-06
3.884392152320773853e-06
1.717684652225660567e-05
3.028344218074765961e-05
4.320155829662097869e-05
5.592895394294150949e-05
6.846347367436744140e-05
8.080298410631574181e-05
9.294537353938673088e-05
1.048888697057695626e-04
1.166313374675203066e-04
1.281700296040461443e-04
1.395003302095283704e-04
1.506176672982732767e-04
1.615168833747514167e-04
1.721928695822749690e-04
1.826411910679246809e-04
1.928562056130760289e-04
2.028348159552022386e-04
2.125764404148976043e-04
2.220836040303911967e-04
2.313557149049061987e-04
2.403952733248586955e-04
2.492022926937824227e-04
2.577786294767408170e-04
2.661248963526680490e-04
2.742386411002317660e-04
2.821186536405970364e-04
2.897619071632128005e-04
2.971672239013047057e-04
3.043310109634934295e-04
3.112527305977407606e-04
3.179294348711443553e-04
3.243600070562497272e-04
3.305427381606851583e-04
3.364765321119647288e-04
3.421591048953524696e-04
3.475899808166219127e-04
3.527669005434296663e-04
3.576894045002523685e-04
3.623588125219596155e-04
3.667770212530535590e-04
3.709470874051392221e-04
3.748696830889707552e-04
3.785478204174765960e-04
3.819827235565484468e-04
3.851767716944646635e-04
3.881311526842535879e-04
3.908464581924031046e-04
3.933250131134643948e-04
3.955673795490014834e-04
3.975746888335538213e-04
3.993486350978689881e-04
4.008897421634513851e-04
4.021996008970206752e-04
4.032794936183730500e-04
4.041294709998435441e-04
4.047512902815907716e-04
4.051455501601663772e-04
4.053128394196311469e-04
4.052543036952178110e-04
4.049722047596695314e-04
4.044682154425066666e-04
4.037445519996957243e-04
4.028034062976253984e-04
4.016469459851639240e-04
4.002773146689301165e-04
3.986960740008424335e-04
3.969058805695675892e-04
3.949093625842491203e-04
3.927080112077482388e-04
3.903055122970114778e-04
3.877033062002175094e-04
3.849039170814751837e-04
3.819098418436719673e-04
3.787251957291734323e-04
3.753529584255503701e-04
3.717971705908256364e-04
3.680612876343921465e-04
3.641498171421564834e-04
3.600655947051841486e-04
3.558125087834554715e-04
3.513938686832254786e-04
3.468124107270182592e-04
3.420713801808050215e-04
3.371734522763372233e-04
3.321223451018322182e-04
3.269201361500053533e-04
3.215704797154099459e-04
3.160764613680916674e-04
3.104421971269050434e-04
3.046707028342186081e-04
2.987660209749385884e-04
2.927316267887800170e-04
2.865704342762241284e-04
2.802863784210179164e-04
2.738833557687407410e-04
2.673657480290832136e-04
2.607368506610936677e-04
2.540009683014262309e-04
2.471623643490192062e-04
2.402247425979033447e-04
2.331912531262754712e-04
2.260670812133573984e-04
2.188547083652322099e-04
2.115583376696066953e-04
2.041805147540604081e-04
1.967252962783560134e-04
1.891956780566384996e-04
1.815951366233045736e-04
1.739271151641487423e-04
1.661965479799879571e-04
1.584078171057784956e-04
1.505647580585382003e-04
1.426711703960486198e-04
1.347318257471667919e-04
1.267509494489667309e-04
1.187312227624427139e-04
1.106763023228453288e-04
1.025898108035319293e-04
9.447533730385530360e-05
8.633594014288673729e-05
7.817514550359810530e-05
6.999595158188000787e-05
6.180231763284536168e-05
5.359816713680758555e-05
4.538640321747107887e-05
3.717088507965841981e-05
2.895592779984004130e-05
2.074385034376138235e-05
1.253939225142971306e-05
4.344814259242395892e-06
-3.835989958996335620e-06
-1.200003488515527438e-05
-2.014416796395954615e-05
-2.826521628582049595e-05
-3.636003497865647726e-05
-4.442565613464911103e-05
-5.245931097319057824e-05
-6.045833182764752249e-05
-6.842015104051013530e-05
-7.634218045227277559e-05
-8.422185442283201167e-05
-9.205624892858634933e-05
-9.984350940621866330e-05
-1.075798074642534140e-04
-1.152622923919021216e-04
-1.228871936084902604e-04
-1.304521846406426230e-04
-1.379535484361947724e-04
-1.453885365933374019e-04
-1.527539551674437211e-04
-1.600457018265391757e-04
-1.672611061922228584e-04
-1.743966037478137353e-04
-1.814487182971446524e-04
-1.884140162731983944e-04
-1.952895539143463229e-04
-2.020724106653401118e-04
-2.087610710365543675e-04
-2.153549507554698348e-04
-2.218539285121403758e-04
-2.282565092590402973e-04
-2.345621230891120450e-04
-2.407697474186361493e-04
-2.468792771684984177e-04
-2.528892436570101608e-04
-2.587972813788409722e-04
-2.646023997028312293e-04
-2.703031624221081020e-04
-2.758981428264459354e-04
-2.813854735587745953e-04
-2.867637489285787588e-04
-2.920297794189420041e-04
-2.971808455139917987e-04
-3.022142466087852897e-04
-3.071264096437313303e-04
-3.119151209419732443e-04
-3.165768500163278318e-04
-3.211094200065805451e-04
-3.255146469842067698e-04
-3.297934475542986803e-04
-3.339476089250444676e-04
-3.379789012970554440e-04
-3.418895165496777118e-04
-3.456803127515636442e-04
-3.493530117632983440e-04
-3.529053933949706620e-04
-3.563348155938857566e-04
-3.596390873467832658e-04
-3.628155970781387230e-04
-3.658621821943707571e-04
-3.687766927898409241e-04
-3.715565603728577539e-04
-3.742026743872263667e-04
-3.767159133701645092e-04
-3.790958590638449370e-04
-3.813472259566698581e-04
-3.834670022614251167e-04
-3.854607184312710297e-04
-3.873253509464308201e-04
-3.890621403956754688e-04
-3.906680759115240768e-04
-3.921528532061960108e-04
-3.935133840886308665e-04
-3.947464335614617073e-04
-3.958529505088714037e-04
-3.968338718983995895e-04
-3.976943122798875813e-04
-3.984309796769479827e-04
-3.990406021365057779e-04
-3.995324247461594911e-04
-3.998989865248383136e-04
-4.001411778575285805e-04
-4.002681619693232180e-04
-4.002683561352399070e-04
-4.001550196033821973e-04
-3.999207126535530383e-04
-3.995662687165001310e-04
-3.991007169595227268e-04
-3.985166308492475869e-04
-3.978188987414686489e-04
-3.970082870151134084e-04
-3.960855513295758108e-04
-3.950514367135447716e-04
-3.939107353346658533e-04
-3.926600984404444604e-04
-3.913042823656924388e-04
-3.898439680528681872e-04
-3.882757988228871158e-04
-3.866084982669920470e-04
-3.848426950784371216e-04
-3.829750031006428691e-04
-3.810140497413131138e-04
-3.789524320388987970e-04
-3.767987290151105602e-04
-3.745535001441212849e-04
-3.722172959087827106e-04
-3.697946189773997755e-04
-3.672780727364838987e-04
-3.646800427427169026e-04
-3.619970618252439502e-04
-3.592296155530926819e-04
-3.563821061065153696e-04
-3.534588988052970787e-04
-3.504565014717297218e-04
-3.473831528587064776e-04
-3.442353384530111413e-04
-3.410212321483612440e-04
-3.377372978381499853e-04
-3.343877706121888699e-04
-3.309768504204190051e-04
-3.275048415468788409e-04
-3.239758956452454697e-04
-3.203863855124693648e-04
-3.167440225432981626e-04
-3.130449088377833581e-04
-3.092958834089876846e-04
-3.054976214470891071e-04
-3.016515518321163003e-04
-2.977598504046814407e-04
-2.938246736130872231e-04
-2.898477795852681714e-04
-2.858312887161079414e-04
-2.817773026812205647e-04
-2.776871504381144256e-04
-2.735640302817373077e-04
-2.694088597805829443e-04
-2.652240471422183995e-04
-2.610119802898752195e-04
-2.567739058691038663e-04
-2.525118049069358843e-04
-2.482283863416960166e-04
-2.439244783703306161e-04
-2.396027561303090280e-04
-2.352647619551271696e-04
-2.309123945832691901e-04
-2.265475369706022716e-04
-2.221720565142982866e-04
-2.177885408727646356e-04
-2.133988230808787684e-04
-2.090054542932213500e-04
-2.046098682803708802e-04
-2.002145825877853235e-04
-1.958217308363639959e-04
-1.914327022778970289e-04
-1.870496015230535666e-04
-1.826741544461763542e-04
-1.783080735959480354e-04
-1.739526970494893949e-04
-1.696104346721421629e-04
-1.652825982886375390e-04
-1.609708492126130433e-04
-1.566771952806758031e-04
-1.524036297136038365e-04
-1.481517737608270427e-04
-1.439232369812673302e-04
-1.397199737564777493e-04
-1.355435689747724480e-04
-1.313959514937055196e-04
-1.272783278538954096e-04
-1.231922501772532582e-04
-1.191396132555858789e-04
-1.151215938202707854e-04
-1.111396974244793274e-04
-1.071957094524383312e-04
-1.032906865853640651e-04
-9.942602907163253191e-05
-9.560312827705561651e-05
-9.182371581086308944e-05
-8.808846722504535642e-05
-8.439944552770857358e-05
-8.075765918875808932e-05
-7.716411098282212994e-05
-7.362014409062607142e-05
-7.012640314284960088e-05
-6.668421941248454672e-05
-6.329491663707659331e-05
-5.995912396913305443e-05
-5.667815403189266382e-05
-5.345262747504840400e-05
-5.028384630341056993e-05
-4.717242313938697484e-05
-4.411930918225879063e-05
-4.112579140079356178e-05
-3.819213172484077517e-05
-3.531960940780753380e-05
-3.250898987645963741e-05
-2.976069805483986649e-05
-2.707549573219849665e-05
-2.445394017552936968e-05
-2.189675559834354239e-05
-1.940452987993532846e-05
-1.697791674061987211e-05
-1.461743464288671570e-05
-1.232350138101135837e-05
-1.009667158813121312e-05
-7.937382827015675277e-06
-5.846139296948580396e-06
-3.823411874934091183e-06
-1.869621909361194567e-06
1.504334070513350821e-08
1.830361483068896197e-06
3.576206952130746286e-06
5.252418631347996951e-06
6.858800091994643572e-06
8.395250897209438189e-06
9.861569475356091879e-06
1.125778047927309956e-05
1.258393723249876463e-05
1.384005634259140781e-05
1.502624793109481828e-05
1.614216333812837123e-05
1.718848861961213309e-05
1.816458423411467375e-05
1.907132970709674908e-05
1.990828199574666595e-05
2.067596204167455900e-05
2.137424088877714208e-05
2.200362758845159417e-05
2.256430356289679709e-05
2.305612528078255808e-05
2.347990312075673390e-05
2.383548232729971398e-05
2.412397693422516947e-05
2.434553696768258663e-05
2.450030721072443549e-05
2.458874366110554415e-05
2.461161095932804953e-05
2.456903366772934872e-05
2.446176099836703242e-05
2.429021861660080782e-05
2.405451128182149701e-05
2.375599210219260979e-05
2.339412418687808649e-05
2.297024370981093659e-05
2.248505028946249065e-05
2.193892346010184311e-05
2.133347915926745347e-05
2.066907751538194228e-05
1.994638188364517120e-05
1.916697491029973900e-05
1.833118977961408302e-05
1.743996989137759971e-05
1.649394066684242984e-05
1.549464116063975898e-05
1.444206262419046226e-05
1.333772364788472266e-05
1.218190595764123158e-05
1.097580131794528922e-05
9.720285106142228582e-06
8.416527457850095587e-06
7.065383329812823113e-06
5.668001674342860854e-06
4.225520287720309232e-06
2.739065929253622977e-06
1.209452598259389038e-06
-3.625145633137591258e-07
-1.975196714087728787e-06
-3.627720034542976124e-06
-5.318979863080576265e-06
-7.047911989610358469e-06
-8.813462396906866452e-06
-1.061446774819356320e-05
-1.244968935033929695e-05
-1.431791295322854096e-05
-1.621796824717876132e-05
-1.814875480755877816e-05
-2.010906383161902700e-05
-2.209781545543481785e-05
-2.411390124620729620e-05
-2.615620147010304326e-05
-2.822362632125658443e-05
-3.031508038095140695e-05
-3.242951246725521327e-05
-3.456584787963980806e-05
-3.672304466193443645e-05
-3.889998236390846900e-05
-4.109555003424462380e-05
-4.330850059718876891e-05
-4.553771333444828087e-05
-4.778198978675560345e-05
-5.004014118614024813e-05
-5.231116180814755675e-05
-5.459359234093977032e-05
-5.688679164616153099e-05
-5.918897330995377513e-05
-6.149951325562318495e-05
-6.381693236480577710e-05
-6.614033529004893991e-05
-6.846854785421609027e-05
-7.080011915927545058e-05
-7.313446406526829049e-05
-7.547014845844648501e-05
-7.780631683272291974e-05
-8.014155265614115087e-05
-8.247501595435136436e-05
-8.480530723075075359e-05
-8.713160150678908274e-05
-8.945279778168459619e-05
-9.176780266341422708e-05
-9.407524910864629118e-05
-9.637405985373534000e-05
-9.866344509940913967e-05
-1.009420607423366537e-04
-1.032091301451064640e-04
-1.054630448875852698e-04
-1.077035993324708542e-04
-1.099291987557702487e-04
-1.121390913234096142e-04
-1.143322525651369926e-04
-1.165076642097081095e-04
-1.186645904511880522e-04
-1.208017478132717397e-04
-1.229186996373520045e-04
-1.250139616216131662e-04
-1.270874441607864496e-04
-1.291376862521847243e-04
-1.311643305966163190e-04
-1.331662010454832316e-04
-1.351426738652519439e-04
-1.370931282504476664e-04
-1.390166740442617835e-04
-1.409121537199905215e-04
-1.427795011181481400e-04
-1.446175655464837365e-04
-1.464254725964528792e-04
-1.482031622117244575e-04
-1.499492247864108905e-04
-1.516636043022606174e-04
-1.533457057866742653e-04
-1.549946678067601813e-04
-1.566099005697097792e-04
-1.581910838058307820e-04
-1.597373628797714711e-04
-1.612484201987599952e-04
-1.627236717331168915e-04
-1.641625350180100972e-04
-1.655644290836753450e-04
-1.669290396388424882e-04
-1.682560521550687666e-04
-1.695446229043601335e-04
-1.707944391050330603e-04
-1.720054512248669638e-04
-1.731770811619952279e-04
-1.743090147592463569e-04
-1.754009373036276244e-04
-1.764522714001276428e-04
-1.774627022664767716e-04
-1.784324370219087213e-04
-1.793608962089568090e-04
-1.802480222011323843e-04
-1.810932347572125393e-04
-1.818967335734391570e-04
-1.826581956704084091e-04
-1.833770382068488204e-04
-1.840537132816585312e-04
-1.846876346323109250e-04
-1.852787321842333924e-04
-1.858269333276532469e-04
-1.863321629015693133e-04
-1.867940865120185513e-04
-1.872126249942390025e-04
-1.875884643108264747e-04
-1.879215033526474238e-04
-1.882115852229405062e-04
-1.884590470638074743e-04
-1.886639664686697894e-04
-1.888261633682808828e-04
-1.889459628519007364e-04
-1.890234316023379308e-04
-1.890583797738065914e-04
-1.890513729809244149e-04
-1.890019616168685192e-04
-1.889104508095495267e-04
-1.887771406159192977e-04
-1.886018239411156854e-04
-1.883850436554270716e-04
-1.881270858319713688e-04
-1.878279816112756644e-04
-1.874880082241545706e-04
-1.871074379688044483e-04
-1.866865382402950880e-04
-1.862258200544551279e-04
-1.857255400073022763e-04
-1.851859498930805983e-04
-1.846075441478293240e-04
-1.839908110374088412e-04
-1.833359860131135975e-04
-1.826432998812559420e-04
-1.819134707911150681e-04
-1.811467182401260419e-04
-1.803435024753723636e-04
-1.795037880433890810e-04
-1.786285146968349415e-04
-1.777176367764102532e-04
-1.767715934095159347e-04
-1.757910615370831121e-04
-1.747767110726380219e-04
-1.737294477594267207e-04
-1.726494417238194753e-04
-1.715378274317038093e-04
-1.703950045698458013e-04
-1.692216089293083691e-04
-1.680185107347846542e-04
-1.667858501732116935e-04
-1.655244848013399516e-04
-1.642347843690935205e-04
-1.629175930176235041e-04
-1.615730292843924087e-04
-1.602021642095600073e-04
-1.588051054267805952e-04
-1.573831487855482610e-04
-1.559368662205020848e-04
-1.544670395497121484e-04
-1.529738816185094929e-04
-1.514585275129888694e-04
-1.499213935725984381e-04
-1.483628913499704773e-04
-1.467836636229583101e-04
-1.451845827961437802e-04
-1.435658082506517761e-04
-1.419282010337443800e-04
-1.402723805388944914e-04
-1.385987262597635134e-04
-1.369083152741207862e-04
-1.352012821298013414e-04
-1.334791582885617696e-04
-1.317420669789549209e-04
-1.299910593314194799e-04
-1.282267141624950394e-04
-1.264500691897432467e-04
-1.246612280491908641e-04
-1.228614486832705927e-04
-1.210512874217828567e-04
-1.192310652729104193e-04
-1.174017909629737302e-04
-1.155637761036408312e-04
-1.137180182561327551e-04
-1.118652787171905088e-04
-1.100058551788644646e-04
-1.081404999214361076e-04
-1.062704166918379328e-04
-1.043956610075095169e-04
-1.025174258874433887e-04
-1.006359869384667981e-04
-9.875229872120953108e-05
-9.686685600397536159e-05
-9.498060301214046716e-05
-9.309402562310224575e-05
-9.120805808230422317e-05
-8.932295216940367615e-05
-8.743985868312432119e-05
-8.555902182878225633e-05
-8.368135787679707228e-05
-8.180732903574465271e-05
-7.993761863584471726e-05
-7.807312965646618285e-05
-7.621408975957156000e-05
-7.436117134543735211e-05
-7.251548854111006552e-05
-7.067703704709178160e-05
-6.884714549295126423e-05
-6.702602608977743825e-05
-6.521454431775286086e-05
-6.341329868041846235e-05
-6.162287437208447522e-05
-5.984385369526551689e-05
-5.807659581868041524e-05
-5.632145837803378372e-05
-5.457923696854460009e-05
-5.285028455337714194e-05
-5.113495276909292553e-05
-4.943402961232984898e-05
-4.774764395190896960e-05
-4.607657936257013678e-05
-4.442118013500120157e-05
-4.278178955882365198e-05
-4.115874998272948569e-05
-3.955305394624946433e-05
-3.796460597466840443e-05
-3.639417793216088504e-05
-3.484210634261562442e-05
-3.330851124055944894e-05
-3.179415989893950823e-05
-3.029917093096279668e-05
-2.882409357054517926e-05
-2.736926077542114262e-05
-2.593521950660764505e-05
-2.452187294761949197e-05
-2.312998153640815932e-05
-2.175966260803272184e-05
-2.041120504224540810e-05
-1.908504685565856520e-05
-1.778145525968411245e-05
-1.650071898036947076e-05
-1.524304211424273983e-05
-1.400871417175855619e-05
-1.279798263647456908e-05
-1.161105328472440210e-05
-1.044823816011301507e-05
-9.309723173576123947e-06
-8.195737282560885392e-06
-7.106453493190902826e-06
-6.042050112513847043e-06
-5.002710744825534814e-06
-3.988645211742256683e-06
-3.000016267494269034e-06
-2.036996287811534558e-06
-1.099717214791021843e-06
-1.882084136348135833e-07
6.974155486269400694e-07
1.557079991930808143e-06
2.390687643717104871e-06
3.198132669044700634e-06
3.979342358127942507e-06
4.734193994250222372e-06
5.462686899054368751e-06
6.164735678423090062e-06
6.840273592945502532e-06
7.489231880150072889e-06
8.111498731252809606e-06
8.707308750394435529e-06
9.276258738611028873e-06
9.818762386263476001e-06
1.033482072133397389e-05
1.082463608502001371e-05
1.128800033687743520e-05
1.172531363849567851e-05
1.213636274286691632e-05
1.252133843518562521e-05
1.288042803996546353e-05
1.321381543834685312e-05
1.352127732065816359e-05
1.380319394635209137e-05
1.405973977104785969e-05
1.429068370552530093e-05
1.449639589919653650e-05
1.467704155808469527e-05
1.483278258626590125e-05
1.496397764741242809e-05
1.507058155679378144e-05
1.515314549424983903e-05
1.521141834354745000e-05
1.524574488581540863e-05
1.525646572338828141e-05
1.524371884028099386e-05
1.520783736276505128e-05
1.514895238477644651e-05
1.506719199342120026e-05
1.496287874517637662e-05
1.483633123024728930e-05
1.468786411216201608e-05
1.451798484295933557e-05
1.432660674962041352e-05
1.411442605598471824e-05
1.388154545561053227e-05
1.362845625622136250e-05
1.335544967422556281e-05
1.306281329882245317e-05
1.275083113694091071e-05
1.241997830674270174e-05
1.207053103433768791e-05
1.170276210482448976e-05
1.131712062232405965e-05
1.091380111345369512e-05
1.049336782172254900e-05
1.005580074512365832e-05
9.601656816835173595e-06
9.131102970065133544e-06
8.644688288328545740e-06
8.142572953147328053e-06
7.625298412805188916e-06
7.092826643376504733e-06
6.546075252305431933e-06
5.984999644965271398e-06
5.410126653509965610e-06
4.821788174359128232e-06
4.220503332776564349e-06
3.606406721694629302e-06
2.980010719314368948e-06
2.341444256115632452e-06
1.691402662218489541e-06
1.030197936607263150e-06
3.580258088708108273e-07
-3.246748554146685700e-07
-1.017468625628147570e-06
-1.719885792141171764e-06
-2.431516562601429895e-06
-3.151879187317958215e-06
-3.880589177805098650e-06
-4.617152600735407164e-06
-5.361191229939308575e-06
-6.112292298940794121e-06
-6.870064662026598119e-06
-7.634119980226900166e-06
-8.404091277028112331e-06
-9.179576991913118700e-06
-9.960196858253107192e-06
-1.074561027188036429e-05
-1.153536783897090234e-05
-1.232906924248637845e-05
-1.312632225096191522e-05
-1.392671495103158472e-05
-1.472985268421694132e-05
-1.553531188740564129e-05
-1.634273213775316416e-05
-1.715168170308865116e-05
-1.796176795668564600e-05
-1.877258215570311550e-05
-1.958373607897344416e-05
-2.039482532544522871e-05
-2.120544761762987627e-05
-2.201522096809475543e-05
-2.282379166948148748e-05
-2.363084034381162559e-05
-2.443603912424232295e-05
-2.523907979978209134e-05
-2.603972797389403189e-05
-2.683756937903008017e-05
-2.763219157610766831e-05
-2.842359881766890817e-05
-2.921107432907172515e-05
-2.999462433860399709e-05
-3.077353574553953687e-05
-3.154781656582470389e-05
-3.231693646118526954e-05
-3.308054626762291450e-05
-3.383847683772489443e-05
-3.459055927356840106e-05
-3.533626809570172779e-05
-3.607543610753717053e-05
-3.680789623842297575e-05
-3.753312603435787824e-05
-3.825131491008989740e-05
-3.896176405060981042e-05
-3.966448555500473713e-05
-4.035896000072658647e-05
-4.104519953856017875e-05
-4.172286246021624553e-05
-4.239160775616174323e-05
-4.305109507900087734e-05
-4.370151204045652406e-05
-4.434216644661833240e-05
-4.497324512343931901e-05
-4.559423231705304360e-05
-4.620513838474528173e-05
-4.680562303050382568e-05
-4.739569537863206619e-05
-4.797484042635969515e-05
-4.854324066418461825e-05
-4.910038098038995710e-05
-4.964626836442936458e-05
-5.018090841716244698e-05
-5.070378568171111618e-05
-5.121490482583357010e-05
-5.171426906985993922e-05
-5.220153499994518743e-05
-5.267653177803794057e-05
-5.313943224034301264e-05
-5.358989100301581884e-05
-5.402773457850917535e-05
-5.445296031583045013e-05
-5.486539268120825991e-05
-5.526502364366591672e-05
-5.565183205669863947e-05
-5.602562166744831353e-05
-5.638619554688425279e-05
-5.673369667901327363e-05
-5.706809561353342415e-05
-5.738902160169654873e-05
-5.769661306129293178e-05
-5.799083658061041492e-05
-5.827165721584015177e-05
-5.853903848958105267e-05
-5.879277352151902935e-05
-5.903316070600167671e-05
-5.925998989189370446e-05
-5.947305020755720554e-05
-5.967263423647872555e-05
-5.985869570698163612e-05
-6.003101917117797964e-05
-6.018972338008124105e-05
-6.033475751589619022e-05
-6.046623631209501436e-05
-6.058410535108777920e-05
-6.068864203994566911e-05
-6.077962134385053879e-05
-6.085731633162754227e-05
-6.092183096732248010e-05
-6.097310111713406203e-05
-6.101122688076370405e-05
-6.103630614947002254e-05
-6.104826935124530319e-05
-6.104737567149093151e-05
-6.103371647136211412e-05
-6.100705160583809971e-05
-6.096779831541309123e-05
-6.091587729571541857e-05
-6.085137203165536435e-05
-6.077469174374701828e-05
-6.068575092713320490e-05
-6.058462634281522704e-05
-6.047155606862757686e-05
-6.034661230008382595e-05
-6.020986527499038327e-05
-6.006170878207366847e-05
-5.990188295933097007e-05
-5.973077703150581519e-05
-5.954845249415901078e-05
-5.935513098577280950e-05
-5.915070800153565504e-05
-5.893572440047395656e-05
-5.871007138240729437e-05
-5.847411404487440426e-05
-5.822785715828874095e-05
-5.797177778051586656e-05
-5.770586736586562462e-05
-5.743027647048031605e-05
-5.714531384010481280e-05
-5.685080516289080704e-05
-5.654721519884225897e-05
-5.623452609010293614e-05
-5.591287829651023027e-05
-5.558256969339672276e-05
-5.524373637133835584e-05
-5.489651256737801118e-05
-5.454087191825138822e-05
-5.417742139717747404e-05
-5.380613036417834804e-05
-5.342712543027088766e-05
-5.304084761078970930e-05
-5.264710337176403552e-05
-5.224648741574151726e-05
-5.183896070534212976e-05
-5.142479801905447086e-05
-5.100442903210992306e-05
-5.057765272238272895e-05
-5.014505191275298816e-05
-4.970657953290908332e-05
-4.926250068804160847e-05
-4.881307844477014479e-05
-4.835857387027232032e-05
-4.789893435542581530e-05
-4.743457384372539977e-05
-4.696559267739885952e-05
-4.649224539004341030e-05
-4.601462956732062915e-05
-4.553315166313010617e-05
-4.504806090260452629e-05
-4.455945021437575403e-05
-4.406787486558208880e-05
-4.357327008895342448e-05
-4.307603317623967456e-05
-4.257625138024952947e-05
-4.207447231502315591e-05
-4.157047300675885941e-05
-4.106464463463950368e-05
-4.055722309150059334e-05
-4.004844291597782675e-05
-3.953823164849860081e-05
-3.902728027412060064e-05
-3.851536148909041071e-05
-3.800301045663276073e-05
-3.749029737364331698e-05
-3.697757211054914298e-05
-3.646487332754416103e-05
-3.595239109336942460e-05
-3.544046605253206274e-05
-3.492898348438102621e-05
-3.441843366235669761e-05
-3.390885190553906723e-05
-3.340042424018753421e-05
-3.289318538990898224e-05
-3.238747092348915561e-05
-3.188331457758454844e-05
-3.138120039164618509e-05
-3.088101081879962334e-05
-3.038292859538622813e-05
-2.988743507035848709e-05
-2.939441213712856989e-05
-2.890419027127084231e-05
-2.841680070717083861e-05
-2.793257273325615558e-05
-2.745168585567113061e-05
-2.697402210851771050e-05
-2.649990971512973913e-05
-2.602952770306279711e-05
-2.556290676818979431e-05
-2.510037380726205740e-05
-2.464181165398714738e-05
-2.418754695003732825e-05
-2.373761071347979055e-05
-2.329232893048428714e-05
-2.285158561402593234e-05
-2.241585358439599060e-05
-2.198487060152793675e-05
-2.155896261546079459e-05
-2.113830847834150014e-05
-2.072279454820579275e-05
-2.031289280466603100e-05
-1.990834437985357605e-05
-1.950962116092598832e-05
-1.911646585913795942e-05
-1.872920492029534538e-05
-1.834787371500686410e-05
-1.797265348092691632e-05
-1.760358065103539551e-05
-1.724069245509097918e-05
-1.688402693314613925e-05
-1.653391185972129528e-05
-1.619038597000550461e-05
-1.585320058016585507e-05
-1.552282902152316056e-05
-1.519915483613177139e-05
-1.488228222826601167e-05
-1.457231691652407894e-05
-1.426930790609349507e-05
-1.397329076867900456e-05
-1.368433063493823760e-05
-1.340246489793491689e-05
-1.312774618838234723e-05
-1.286024230080400266e-05
-1.259999340284970540e-05
-1.234702641981328114e-05
-1.210135511612311550e-05
-1.186302275116554985e-05
-1.163205939568585546e-05
-1.140848201097376758e-05
-1.119230867198932451e-05
-1.098358682551222129e-05
-1.078230845042005468e-05
-1.058848085829340559e-05
-1.040211253020882267e-05
-1.022321311350132348e-05
-1.005177936600070553e-05
-9.887837338418400536e-06
-9.731386130685862053e-06
-9.582384034576702636e-06
-9.440832700492183662e-06
-9.306679074203483873e-06
-9.179899454807965151e-06
-9.060485388974466351e-06
-8.948415727481576914e-06
-8.843642778395557905e-06
-8.746134146654505732e-06
-8.655858764219745251e-06
-8.572759142282303926e-06
-8.496806926159669563e-06
-8.427947378759209968e-06
-8.366154813731691548e-06
-8.311377199135643577e-06
-8.263563882405295969e-06
-8.222638020631302245e-06
-8.188538007565598572e-06
-8.161189887955862439e-06
-8.140534885515262473e-06
-8.126515595325475760e-06
-8.119048561624918860e-06
-8.118079167777494679e-06
-8.123526775745028639e-06
-8.135298518295163645e-06
-8.153330291022289900e-06
-8.177532068784379530e-06
-8.207861397559003050e-06
-8.244243761789749395e-06
-8.286611271358710311e-06
-8.334883777312432698e-06
-8.388955371178164548e-06
-8.448775765192003282e-06
-8.514255290488844072e-06
-8.585305636263840915e-06
-8.661853329437969848e-06
-8.743812675577959762e-06
-8.831085812384993226e-06
-8.923576217454204490e-06
-9.021215569247304991e-06
-9.123909878687471898e-06
-9.231566436368308196e-06
-9.344093791860426295e-06
-9.461401732752330946e-06
-9.583361157611923741e-06
-9.709884394801561594e-06
-9.840858265749661212e-06
-9.976170857008443159e-06
-1.011572480906268899e-05
-1.025941062761193820e-05
-1.040712001462482045e-05
-1.055871930684280600e-05
-1.071410261286322503e-05
-1.087315192532240056e-05
-1.103575039381463840e-05
-1.120178230025422234e-05
-1.137113303403474999e-05
-1.154368906699817925e-05
-1.171932475772596281e-05
-1.189791555259595091e-05
-1.207936424516482978e-05
-1.226356142505996139e-05
-1.245035929260042987e-05
-1.263967664786581248e-05
-1.283135456094364891e-05
-1.302526134662674150e-05
-1.322126628071763386e-05
-1.341923957357100319e-05
-1.361902628028358579e-05
-1.382051150150293361e-05
-1.402356813382200842e-05
-1.422804392184842754e-05
-1.443382645284053410e-05
-1.464080403583522954e-05
-1.484885272652881376e-05
-1.505784930573586208e-05
-1.526765833165569762e-05
-1.547817512061636878e-05
-1.568928660734730986e-05
-1.590084587567678096e-05
-1.611292547544007566e-05
-1.632514781731740432e-05
-1.653758638087857052e-05
-1.675018609211696350e-05
-1.696263583430121359e-05
-1.717500980169919708e-05
-1.738725397305387232e-05
-1.759905902223122686e-05
-1.781037205485958453e-05
-1.802126777814055871e-05
-1.823143845902619228e-05
-1.844095913709125893e-05
-1.864965024341770452e-05
-1.885733279061519368e-05
-1.906408196942048098e-05
-1.926959242512258437e-05
-1.947393948784637290e-05
-1.967694511124366710e-05
-1.987855801669276442e-05
-2.007860071793057526e-05
-2.027702219837900516e-05
-2.047377135065309121e-05
-2.066879696101853021e-05
-2.086179643988524620e-05
-2.105297009079996459e-05
-2.124201555606122118e-05
-2.142888182541456457e-05
-2.161351770685386882e-05
-2.179587181289687555e-05
-2.197589254712098861e-05
-2.215340337132181068e-05
-2.232835261831695489e-05
-2.250068837184432651e-05
-2.267023412033652567e-05
-2.283706200218157197e-05
-2.300099520152971614e-05
-2.316210501506118098e-05
-2.332021427413440278e-05
-2.347514599864189525e-05
-2.362709408523437396e-05
-2.377575730730917348e-05
-2.392120503806535330e-05
-2.406325940269661893e-05
-2.420198877488785130e-05
-2.433721476618964569e-05
-2.446888190175551097e-05
-2.459705697879641505e-05
-2.472156074467308254e-05
-2.484233639130902782e-05
-2.495944896230167819e-05
-2.507284037256512197e-05
-2.518233002581788933e-05
-2.528810315167575131e-05
-2.539009989692056542e-05
-2.548801656458622399e-05
-2.558215775006407962e-05
-2.567221889507029364e-05
-2.575838116821622552e-05
-2.584046067934001549e-05
-2.591851564140350912e-05
-2.599248231163113574e-05
-2.606229641917156583e-05
-2.612801385329609194e-05
-2.618956890316069094e-05
-2.624701576449442374e-05
-2.630028727165245221e-05
-2.634943591462658090e-05
-2.639427297973453870e-05
-2.643508952910680491e-05
-2.647157541538151235e-05
-2.650378006039582138e-05
-2.653187144008286585e-05
-2.655565757918748490e-05
-2.657518514029168341e-05
-2.659049974842323793e-05
-2.660152688055382261e-05
-2.660831045714449956e-05
-2.661089337089611419e-05
-2.660931749148913903e-05
-2.660362367086999624e-05
-2.659373323496528222e-05
-2.657968537630587050e-05
-2.656151828765840854e-05
-2.653926916940547512e-05
-2.651297423741548885e-05
-2.648255081222397183e-05
-2.644815132221935074e-05
-2.640969139861181877e-05
-2.636720376083929681e-05
-2.632083763523713777e-05
-2.627038886201986262e-05
-2.621612214907738007e-05
-2.615794907565714862e-05
-2.609589777149356690e-05
-2.603011234149780868e-05
-2.596050206545495755e-05
-2.588720908245835557e-05
-2.581013806595270870e-05
-2.572952999379110988e-05
-2.564527219666117217e-05
-2.555736789647205135e-05
-2.546593563802197573e-05
-2.537097686434490397e-05
-2.527260813640644108e-05
-2.517071347302932206e-05
-2.506540785087293190e-05
-2.495668965980853967e-05
-2.484455664495655003e-05
-2.472912115845121868e-05
-2.461037935002855913e-05
-2.448844177356137685e-05
-2.436330303593036093e-05
-2.423507194563720641e-05
-2.410385628734669914e-05
-2.396964828041221857e-05
-2.383255404312997609e-05
-2.369267870980003779e-05
-2.354989801330228057e-05
-2.340442994017680848e-05
-2.325637709025546039e-05
-2.310561337727659272e-05
-2.295224022525416826e-05
-2.279647180325080526e-05
-2.263818031632050849e-05
-2.247746484157437324e-05
-2.231442358689816915e-05
-2.214915390405005808e-05
-2.198163920804301793e-05
-2.181208849410834304e-05
-2.164048375277768984e-05
-2.146691937559329905e-05
-2.129137631370020225e-05
-2.111406026176463501e-05
-2.093483842238796704e-05
-2.075402740448719952e-05
-2.057149336569844713e-05
-2.038743891716502009e-05
-2.020184154531628687e-05
-2.001479036117186666e-05
-1.982637379690705524e-05
-1.963667962103745585e-05
-1.944579495384835520e-05
-1.925369484110615463e-05
-1.906068814668618677e-05
-1.886674859030230394e-05
-1.867196085861433797e-05
-1.847629806334444668e-05
-1.827995206668057813e-05
-1.808288048172056409e-05
-1.788514865263830366e-05
-1.768693206823733935e-05
-1.748807396880171829e-05
-1.728885950203580538e-05
-1.708913156433833729e-05
-1.688917413539328999e-05
-1.668893987770149841e-05
-1.648838155774839796e-05
-1.628778154092215682e-05
-1.608698217360838217e-05
-1.588626483732882505e-05
-1.568558129041921091e-05
-1.548488348271278900e-05
-1.528445145778589700e-05
-1.508412745655166048e-05
-1.488419072120859314e-05
-1.468448357249250465e-05
-1.448517564853914621e-05
-1.428632726908993927e-05
-1.408799864163180536e-05
-1.389024987760981374e-05
-1.369303255431933497e-05
-1.349651530118478341e-05
-1.330064978940610429e-05
-1.310560435369741596e-05
-1.291143885381914351e-05
-1.271810520912936140e-05
-1.252577141831225602e-05
-1.233438963177398079e-05
-1.214412768874620127e-05
-1.195504553748909991e-05
-1.176709576348447780e-05
-1.158044605351626255e-05
-1.139504933554744256e-05
-1.121096613858573735e-05
-1.102825708254503256e-05
-1.084698288659252712e-05
-1.066720437698314088e-05
-1.048887579633462581e-05
-1.031216510858006106e-05
-1.013713350291030174e-05
-9.963629516884896711e-06
-9.791927803813451015e-06
-9.621983779368960857e-06
-9.453795848628783252e-06
-9.287468799353524890e-06
-9.123022704896562276e-06
-8.960488538947118935e-06
-8.799907716626144386e-06
-8.641320257018399954e-06
-8.484755478040735638e-06
-8.330264076906926030e-06
-8.177865390626866326e-06
-8.027579103793741998e-06
-7.879456776044065639e-06
-7.733518704094527002e-06
-7.589806516111169766e-06
-7.448330681769439781e-06
-7.309133475467843848e-06
-7.172246994989523926e-06
-7.037661867192009060e-06
-6.905431837814080998e-06
-6.775548328689692073e-06
-6.648044928854824010e-06
-6.522934743911926025e-06
-6.400252095752888541e-06
-6.280000478724188023e-06
-6.162183849946285111e-06
-6.046827372869337911e-06
-5.933935881275435722e-06
-5.823525032513526833e-06
-5.715610921427120683e-06
-5.610199752941588119e-06
-5.507298215939384703e-06
-5.406923798768057281e-06
-5.309073838320541711e-06
-5.213746205467904760e-06
-5.120970156875157326e-06
-5.030744555201271877e-06
-4.943079071270679696e-06
-4.857953123838940613e-06
-4.775377492368484039e-06
-4.695353237149597516e-06
-4.617861524891720767e-06
-4.542904588768908844e-06
-4.470475016803975528e-06
-4.400576194089146505e-06
-4.333201882543758010e-06
-4.268336269357499178e-06
-4.205964182667276389e-06
-4.146091408043318280e-06
-4.088696892990600452e-06
-4.033782556947894309e-06
-3.981336717298665085e-06
-3.931345285755657366e-06
-3.883790768301900705e-06
-3.838657331168621916e-06
-3.795930791751018733e-06
-3.755598377725424455e-06
-3.717654069066217791e-06
-3.682093217094358764e-06
-3.648903715211078433e-06
-3.618070147525798192e-06
-3.589577913811581375e-06
-3.563413721199161754e-06
-3.539564369511259543e-06
-3.518017744598402117e-06
-3.498759705931999788e-06
-3.481773987897943054e-06
-3.467039206742258922e-06
-3.454539544540393894e-06
-3.444255747921217664e-06
-3.436171105784505745e-06
-3.430269438488544778e-06
-3.426530117425435446e-06
-3.424924104423016093e-06
-3.425416954308693685e-06
-3.427976754366419464e-06
-3.432572121709098664e-06
-3.439169222704262144e-06
-3.447739676706820166e-06
-3.458250648721032676e-06
-3.470673734044143421e-06
-3.484978029752415886e-06
-3.501135056845544639e-06
-3.519115787792279142e-06
-3.538892603435428793e-06
-3.560436331100383578e-06
-3.583718497289529161e-06
-3.608701320080319461e-06
-3.635345965546513631e-06
-3.663613717187752534e-06
-3.693466943900705534e-06
-3.724866353187447048e-06
-3.757776062918353577e-06
-3.792159290582078721e-06
-3.827976695290762143e-06
-3.865190273771772840e-06
-3.903765291809089458e-06
-3.943661525158017507e-06
-3.984843949867760291e-06
-4.027276898635615448e-06
-4.070921154282473349e-06
-4.115731059433314473e-06
-4.161663240632603974e-06
-4.208660178279167877e-06
-4.256690787893128458e-06
-4.305700174320486051e-06
-4.355655055499579803e-06
-4.406501497514549542e-06
-4.458226356425982440e-06
-4.510787884927608400e-06
-4.564154240120526315e-06
-4.618313022221645140e-06
-4.673223293772439945e-06
-4.728853982364214732e-06
-4.785174271897211068e-06
-4.842153597599287784e-06
-4.899752097468952440e-06
-4.957939719160776360e-06
-5.016667592694823603e-06
-5.075915697429573237e-06
-5.135645181908994997e-06
-5.195807942864666998e-06
-5.256384627170159190e-06
-5.317327596150022714e-06
-5.378608418334561382e-06
-5.440198842591685394e-06
-5.502061330911103713e-06
-5.564149090795725408e-06
-5.626443869238679307e-06
-5.688899221582786937e-06
-5.751497168757835092e-06
-5.814191567176823811e-06
-5.876955256566450869e-06
-5.939761165927323116e-06
-6.002563520616436428e-06
-6.065335438532726327e-06
-6.128040712947555332e-06
-6.190652569554972676e-06
-6.253134897684285056e-06
-6.315451625550409732e-06
-6.377566705599750536e-06
-6.439444099828711316e-06
-6.501066410725542396e-06
-6.562388211093106454e-06
-6.623382685369399280e-06
-6.684032234418354352e-06
-6.744291262034773900e-06
-6.804141973431474669e-06
-6.863538599858420837e-06
-6.922472363128318731e-06
-6.980897246356182341e-06
-7.038804133333024465e-06
-7.096146712591571790e-06
-7.152897022419084106e-06
-7.209045358903780270e-06
-7.264544892627284937e-06
-7.319376818528118416e-06
-7.373515056562025192e-06
-7.426933839222715907e-06
-7.479625526635389892e-06
-7.531554647282239360e-06
-7.582713014831760344e-06
-7.633064652954403605e-06
-7.682600816128563859e-06
-7.731294155796362660e-06
-7.779126202783259576e-06
-7.826078200919062120e-06
-7.872140225771007607e-06
-7.917283816359081981e-06
-7.961489363338958427e-06
-8.004736977801561230e-06
-8.047061009206041521e-06
-8.088331943249918408e-06
-8.128619916557042977e-06
-8.167858556646563311e-06
-8.206162468520413763e-06
-8.243374152851061406e-06
-8.279517099000113897e-06
-8.314614396676845502e-06
-8.348598522932755572e-06
-8.381492025491116802e-06
-8.413317071251841711e-06
-8.444005470673744939e-06
-8.473578884785106917e-06
-8.502058611629575221e-06
-8.529375846525506726e-06
-8.555461747355795255e-06
-8.580426614767005511e-06
-8.604290581904744232e-06
-8.626894579727247526e-06
-8.648347888524359904e-06
-8.668580591606625413e-06
-8.687701146791388369e-06
-8.705550012526407750e-06
-8.722235064559790771e-06
-8.737685610985986481e-06
-8.752008712605288543e-06
-8.765133172499135972e-06
-8.776987771525230513e-06
-8.787767225813077057e-06
-8.797222414045467476e-06
-8.805547296321644937e-06
-8.812669604325550958e-06
-8.818693719199820717e-06
-8.823458555449179876e-06
-8.826979666280813523e-06
-8.829447530765136668e-06
-8.830607701787993564e-06
-8.830733125541873860e-06
-8.829568153825755600e-06
-8.827296733311528626e-06
-8.823838625617397174e-06
-8.819201173562867904e-06
-8.813391333280257771e-06
-8.806415668726928501e-06
-8.798367776492231501e-06
-8.789165839874041355e-06
-8.778727938512754603e-06
-8.767233653769486757e-06
-8.754687294404659909e-06
-8.740918648473339290e-06
-8.726105598902131127e-06
-8.710164301484216596e-06
-8.693097621551018213e-06
-8.674994759513103017e-06
-8.655857522675710651e-06
-8.635600702120379649e-06
-8.614312035583916117e-06
-8.591992103329066275e-06
-8.568641086507901885e-06
-8.544345079433730234e-06
-8.519017031606738736e-06
-8.492655970374279474e-06
-8.465432722967892044e-06
-8.437259140056105873e-06
-8.408132958980666299e-06
-8.378137446384220053e-06
-8.347183677617455965e-06
-8.315354146260151282e-06
-8.282645118617900040e-06
-8.249052584357485473e-06
-8.214657766871251944e-06
-8.179455929690564685e-06
-8.143356758795287581e-06
-8.106525847267047962e-06
-8.068957603071768889e-06
-8.030561125494125289e-06
-7.991415757935891502e-06
-7.951600407813596023e-06
-7.911108651369455960e-06
-7.869849112676382787e-06
-7.827984912263027194e-06
-7.785424424583979781e-06
-7.742245493954618760e-06
-7.698441073045254510e-06
-7.654088556049844190e-06
-7.609094930239727001e-06
-7.563615358735339699e-06
-7.517550380994220832e-06
-7.471053435608907521e-06
-7.423940947103779924e-06
-7.376366162771769917e-06
-7.328397838763959340e-06
-7.279936696304000638e-06
-7.231051483806976311e-06
-7.181643208234594267e-06
-7.131948014282910867e-06
-7.081783156352937449e-06
-7.031300745802521762e-06
-6.980401960563528929e-06
-6.929238573627069217e-06
-6.877711846144629402e-06
-6.825889935591296510e-06
-6.773757586839033078e-06
-6.721465870230712301e-06
-6.668833114794954874e-06
-6.616010225453217668e-06
-6.562981755703125950e-06
-6.509815152311687615e-06
-6.456494838907841496e-06
-6.403005269306694421e-06
-6.349413561919711865e-06
-6.295704002112183200e-06
-6.241910387257279476e-06
-6.188066352691296633e-06
-6.134188893582260520e-06
-6.080286658618094903e-06
-6.026376425102974587e-06
-5.972483060497660608e-06
-5.918614858544614945e-06
-5.864796413353757128e-06
-5.811043964129535644e-06
-5.757389993520333763e-06
-5.703850434432728927e-06
-5.650441089133264976e-06
-5.597177631925793696e-06
-5.544091934509972025e-06
-5.491199386904749917e-06
-5.438507118994317882e-06
-5.386030322495355308e-06
-5.333792225313111377e-06
-5.281807813633392021e-06
-5.230083876535074600e-06
-5.178643391164561794e-06
-5.127493041932062446e-06
-5.076655700550773702e-06
-5.026145587120947329e-06
-4.975966801462021364e-06
-4.926147217721385574e-06
-4.876682398569595068e-06
-4.827592209108034140e-06
-4.778880436872567465e-06
-4.730567087310611861e-06
-4.682648104909222818e-06
-4.635135687973026833e-06
-4.588050207090192560e-06
-4.541388085699067434e-06
-4.495162014010618643e-06
-4.449384874058581746e-06
-4.404061750108121485e-06
-4.359205976392685524e-06
-4.314823133322640484e-06
-4.270927066980045688e-06
-4.227531889503847094e-06
-4.184636045072519489e-06
-4.142254252123853783e-06
-4.100385607598780869e-06
-4.059053427020379147e-06
-4.018249525781911251e-06
-3.977989936486302566e-06
-3.938283079880443504e-06
-3.899129799723323640e-06
-3.860539237014360236e-06
-3.822520882272998271e-06
-3.785084572944731763e-06
-3.748224687300350092e-06
-3.711967570657461982e-06
-3.676308294353372909e-06
-3.641258066064957165e-06
-3.606820529900635905e-06
-3.572999656129422772e-06
-3.539807590857213202e-06
-3.507248898917300883e-06
-3.475320581646055333e-06
-3.444035622043651229e-06
-3.413399395218103184e-06
-3.383417513762125494e-06
-3.354087986998875077e-06
-3.325416869704965676e-06
-3.297410401568058738e-06
-3.270074989385703279e-06
-3.243401593412775991e-06
-3.217412523234633741e-06
-3.192091226116067276e-06
-3.167452439475270726e-06
-3.143487640076420274e-06
-3.120204437743590851e-06
-3.097596902957744159e-06
-3.075682931466045218e-06
-3.054464918016765901e-06
-3.033929808953278409e-06
-3.014087829025352409e-06
-2.994933737402431913e-06
-2.976477772457478736e-06
-2.958714721166420032e-06
-2.941639397784463476e-06
-2.925254345576581314e-06
-2.909562108758039258e-06
-2.894549852995750315e-06
-2.880220169355111545e-06
-2.866567982339933708e-06
-2.853588259913348806e-06
-2.841276021846409909e-06
-2.829626349550753691e-06
-2.818634397313493402e-06
-2.808295404839112896e-06
-2.798597069976771755e-06
-2.789534864110841865e-06
-2.781104388336642416e-06
-2.773293767547921612e-06
-2.766106547495706768e-06
-2.759523600016309685e-06
-2.753533649540054194e-06
-2.748133260550348592e-06
-2.743304049800418002e-06
-2.739050693973534279e-06
-2.735340219192126747e-06
-2.732185478937034344e-06
-2.729569313884006834e-06
-2.727474934634783916e-06
-2.725901046637206587e-06
-2.724831606404629152e-06
-2.724258523509835807e-06
-2.724181640871946303e-06
-2.724578589875756972e-06
-2.725442512852246685e-06
-2.726766970391331893e-06
-2.728538432136065126e-06
-2.730751322053648945e-06
-2.733385485523372473e-06
-2.736436225845976884e-06
-2.739899261837562678e-06
-2.743755755424625246e-06
-2.748002269510154248e-06
-2.752628284461837748e-06
-2.757623679468460569e-06
